7.048218461716802298e-05
6.756648568800021758e-05
6.477857343209492136e-05
6.211625021155100861e-05
5.957722612963874549e-05
5.715914399099593135e-05
5.485958086567881668e-05
5.267606028137506764e-05
5.060606391171694555e-05
4.864703653663407344e-05
4.679639379193032908e-05
4.505152730678887681e-05
4.340981017723074089e-05
4.186860106741785643e-05
4.042524936110555584e-05
3.907709801078800151e-05
3.782148829546300590e-05
3.665576455392782491e-05
3.557727703182627310e-05
3.458338671287976063e-05
3.367146838927869399e-05
3.283891389196900447e-05
3.208313669151863630e-05
3.140157383146482099e-05
3.079168996020811800e-05
3.025098075541263326e-05
2.977697675196680483e-05
2.936724459343327101e-05
2.901939042766849496e-05
2.873106155535759578e-05
2.849994815288131814e-05
2.832378429298417093e-05
2.820035011509720700e-05
2.812747166333750352e-05
2.810302353030558802e-05
2.812492821352811787e-05
2.819115718325940784e-05
2.829973085238502134e-05
2.844871931167315519e-05
2.863624184282517643e-05
2.886046680909873212e-05
2.911961189538637694e-05
2.941194361711007164e-05
2.973577697260424183e-05
3.008947500191409331e-05
3.047144835198489595e-05
3.088015490498658615e-05
3.131409926574934627e-05
3.177183217397270740e-05
3.225195007608024056e-05
3.275309461579647643e-05
3.327395208934946249e-05
3.381325274516854717e-05
3.436977020663650175e-05
3.494232080352455838e-05
3.552976283487451701e-05
3.613099578942545367e-05
3.674495956404986736e-05
3.737063384362540272e-05
3.800703713437027611e-05
3.865322608570934858e-05
3.930829506990141841e-05
3.997137494142235213e-05
4.064163264827130769e-05
4.131827033907526958e-05
4.200052462904902280e-05
4.268766583800916528e-05
4.337899724291003950e-05
4.407385438404498812e-05
4.477160425857025906e-05
4.547164474155434720e-05
4.617340383851477971e-05
4.687633889009835308e-05
4.757993603617352465e-05
4.828370940567398666e-05
4.898720036569276405e-05
4.968997685024600881e-05
5.039163273569910066e-05
5.109178704576538876e-05
5.179008338030767386e-05
5.248618917676304581e-05
5.317979511213779230e-05
5.387061437138332079e-05
5.455838196966249183e-05
5.524285406457922856e-05
5.592380727260164402e-05
5.660103801466017482e-05
5.727436181074542054e-05
5.794361269185842713e-05
5.860864249607383237e-05
5.926932027330140094e-05
5.992553164891374227e-05
6.057717821869416930e-05
6.122417692864994877e-05
6.186645949850400484e-05
6.250397184720010810e-05
6.313667352778679282e-05
6.376453717273928158e-05
6.438754799914761149e-05
6.500570330299157440e-05
6.561901197016298921e-05
6.622749399154635979e-05
6.683117999903822801e-05
6.743011085843111463e-05
6.802433716483929948e-05
6.861391885890499463e-05
6.919892478528750287e-05
6.977943227653966114e-05
7.035552674507868001e-05
7.092730127682388966e-05
7.149485622988777610e-05
7.205829884411654718e-05
7.261774290959886909e-05
7.317330841926354299e-05
7.372512118554910691e-05
7.427331258846464623e-05
7.481801921438750117e-05
7.535938261900426423e-05
7.589754905750875007e-05
7.643266917489101200e-05
7.696489776172606102e-05
7.749439357364726517e-05
7.802131894331299411e-05
7.854583967002255935e-05
7.906812462776516206e-05
7.958834565033169150e-05
8.010667727318735690e-05
8.062329649748818628e-05
8.113838263647877083e-05
8.165211704976808177e-05
8.216468304461764657e-05
8.267626578254386085e-05
8.318705192972746041e-05
8.369722968519796656e-05
8.420698859446522800e-05
8.471651937032394946e-05
8.522601377703638314e-05
8.573566444417472082e-05
8.624566476740567176e-05
8.675620877132828978e-05
8.726749099320299389e-05
8.777970633890370869e-05
8.829305007496575646e-05
8.880771761265494630e-05
8.932390444505583504e-05
8.984180604032835065e-05
9.036161770393679913e-05
9.088353445311856532e-05
9.140775094874845736e-05
9.193446131391648729e-05
9.246385909680516818e-05
9.299613715566441851e-05
9.353148753305130661e-05
9.407010136540566497e-05
9.461216888702154992e-05
9.515787917682512931e-05
9.570742013400341684e-05
9.626097844467680533e-05
9.681873945260760527e-05
9.738088709861837818e-05
9.794760387456912648e-05
9.851907082453822007e-05
9.909546751416042703e-05
9.967697196846012986e-05
1.002637606954232495e-04
1.008560087004034192e-04
1.014538893669605083e-04
1.020575746084685290e-04
1.026672348518205112e-04
1.032830389939790733e-04
1.039051545303629139e-04
1.045337475606807135e-04
1.051689826801760350e-04
1.058110230472891549e-04
1.064600302783294387e-04
1.071161643965890431e-04
1.077795838102410623e-04
1.084504451904039169e-04
1.091289035074623172e-04
1.098151118289655940e-04
1.105092213639279834e-04
1.112113815068330180e-04
1.119217396984178753e-04
1.126404415189317997e-04
1.133676306724214732e-04
1.141034489631472193e-04
1.148480363599856422e-04
1.156015308525903268e-04
1.163640685358270101e-04
1.171357834986783532e-04
1.179168078423433000e-04
1.187072716176034635e-04
1.195073028936561536e-04
1.203170275728570227e-04
1.211365695824561246e-04
1.219660507528878043e-04
1.228055907764200537e-04
1.236553072583788633e-04
1.245153157720026854e-04
1.253857295452433826e-04
1.262666598907516478e-04
1.271582160016819724e-04
1.280605048240843809e-04
1.289736313572598754e-04
1.298976984646263801e-04
1.308328069319530571e-04
1.317790554161461455e-04
1.327365404917314198e-04
1.337053566649226883e-04
1.346855962451214746e-04
1.356773495376797608e-04
1.366807046737015781e-04
1.376957477083813369e-04
1.387225627398181544e-04
1.397612317019172206e-04
1.408118346277443221e-04
1.418744494645262570e-04
1.429491522915640603e-04
1.440360171055786735e-04
1.451351160733434676e-04
1.462465193516673801e-04
1.473702952926952373e-04
1.485065104669525257e-04
1.496552295746010587e-04
1.508165155897567213e-04
1.519904299528752098e-04
1.531770323079686383e-04
1.543763807929067694e-04
1.555885319428468284e-04
1.568135407855132169e-04
1.580514607651047629e-04
1.593023437825090525e-04
1.605662403347072752e-04
1.618431994851225687e-04
1.631332687937500192e-04
1.644364946370948559e-04
1.657529220688211662e-04
1.670825948522492289e-04
1.684255555055987020e-04
1.697818454975830312e-04
1.711515050074552619e-04
1.725345731775462094e-04
1.739310881849804756e-04
1.753410869912448559e-04
1.767646056866545485e-04
1.782016793211977474e-04
1.796523420473403285e-04
1.811166271056062320e-04
1.825945668687028371e-04
1.840861927652642262e-04
1.855915356559843907e-04
1.871106254926993182e-04
1.886434916380051849e-04
1.901901628009381698e-04
1.917506672535812984e-04
1.933250327974409205e-04
1.949132868249628511e-04
1.965154564867676007e-04
1.981315687436198175e-04
1.997616503858233908e-04
2.014057282161927102e-04
2.030638289028914383e-04
2.047359791930271149e-04
2.064222059361363044e-04
2.081225361078976963e-04
2.098369970018716061e-04
2.115656160937600316e-04
2.133084213597408250e-04
2.150654411919740829e-04
2.168367045577367601e-04
2.186222410546718239e-04
2.204220811576434699e-04
2.222362560050121700e-04
2.240647977672337852e-04
2.259077395464359895e-04
2.277651155942872333e-04
2.296369613038253010e-04
2.315233132738082878e-04
2.334242094199004002e-04
2.353396890523291017e-04
2.372697928250803209e-04
2.392145630409534506e-04
2.411740434554320478e-04
2.431482795479530609e-04
2.451373185045081760e-04
2.471412094034621649e-04
2.491600031817347216e-04
2.511937530344576308e-04
2.532425141999288779e-04
2.553063444163245735e-04
2.573853037284058189e-04
2.594794547707836535e-04
2.615888627106435272e-04
2.637135953515821617e-04
2.658537229987725358e-04
2.680093187858566955e-04
2.701804584550467308e-04
2.723672204647503269e-04
2.745696860706848619e-04
2.767879392841260280e-04
2.790220669236463387e-04
2.812721588693878599e-04
2.835383078003199625e-04
2.858206093639118124e-04
2.881191624567398303e-04
2.904340689421051761e-04
2.927654337165343733e-04
2.951133647891948956e-04
2.974779734631047604e-04
2.998593738486781735e-04
3.022576834472489931e-04
3.046730228384872201e-04
3.071055158113163565e-04
3.095552892859464752e-04
3.120224735261250106e-04
3.145072019785722164e-04
3.170096112992048186e-04
3.195298417259283610e-04
3.220680366872742651e-04
3.246243430773986037e-04
3.271989111291062516e-04
3.297918948661751528e-04
3.324034513406525643e-04
3.350337412716757578e-04
3.376829287199598875e-04
3.403511810653391759e-04
3.430386694195409493e-04
3.457455682355936740e-04
3.484720553384500837e-04
3.512183122388055955e-04
3.539845234656463762e-04
3.567708775305739369e-04
3.595775657613439454e-04
3.624047833590205900e-04
3.652527282989205667e-04
3.681216027526432698e-04
3.710116111574806100e-04
3.739229619164536646e-04
3.768558664669080928e-04
3.798105393063399941e-04
3.827871985511790173e-04
3.857860649191937686e-04
3.888073627406828884e-04
3.918513193491047499e-04
3.949181652815828697e-04
3.980081339307690240e-04
4.011214624290759855e-04
4.042583903107636943e-04
4.074191608470073274e-04
4.106040200092627617e-04
4.138132170202534019e-04
4.170470038237438187e-04
4.203056359177675494e-04
4.235893714422146999e-04
4.268984716482584715e-04
4.302332010190084311e-04
4.335938269663627592e-04
4.369806201572829559e-04
4.403938544264152230e-04
4.438338065283323241e-04
4.473007564573944759e-04
4.507949873377823540e-04
4.543167853444272583e-04
4.578664395362960012e-04
4.614442421991758986e-04
4.650504885881773503e-04
4.686854766514712660e-04
4.723495081361541391e-04
4.760428868540621727e-04
4.797659199378815666e-04
4.835189176542513075e-04
4.873021932407285445e-04
4.911160626652878811e-04
4.949608446703090839e-04
4.988368612438415488e-04
5.027444370228856090e-04
5.066838996991194187e-04
5.106555791443865774e-04
5.146598093393286218e-04
5.186969258638582598e-04
5.227672680302856197e-04
5.268711769378495082e-04
5.310089970816109835e-04
5.351810750995483496e-04
5.393877606811273585e-04
5.436294061531458466e-04
5.479063659192495673e-04
5.522189970619307848e-04
5.565676592463549878e-04
5.609527145916303132e-04
5.653745274693109573e-04
5.698334647294714351e-04
5.743298954789062463e-04
5.788641912504292365e-04
5.834367256986227246e-04
5.880478748869912660e-04
5.926980167879104811e-04
5.973875315771288910e-04
6.021168022409224352e-04
6.068862128082013483e-04
6.116961501166385271e-04
6.165470025254850880e-04
6.214391601691402096e-04
6.263730153513717052e-04
6.313489623797544472e-04
6.363673968539910629e-04
6.414287165079785849e-04
6.465333208885968609e-04
6.516816112920862693e-04
6.568739905288450195e-04
6.621108637823618689e-04
6.673926363158875098e-04
6.727197171261361510e-04
6.780925153010234621e-04
6.835114421039668615e-04
6.889769107618353046e-04
6.944893352304915436e-04
7.000491318515910657e-04
7.056567177485182068e-04
7.113125122551894070e-04
7.170169354112253734e-04
7.227704090473736302e-04
7.285733561228529328e-04
7.344262009745116011e-04
7.403293693570053412e-04
7.462832880816501523e-04
7.522883846331701943e-04
7.583450884064284496e-04
7.644538295063902332e-04
7.706150393938127497e-04
7.768291500820243218e-04
7.830965957962335820e-04
7.894178099917565500e-04
7.957932288000156519e-04
8.022232879153488091e-04
8.087084257249916057e-04
8.152490784580604562e-04
8.218456861840611532e-04
8.284986876822071807e-04
8.352085231262432142e-04
8.419756336175154583e-04
8.488004599844469400e-04
8.556834447809862250e-04
8.626250294602849080e-04
8.696256580900882383e-04
8.766857728180125868e-04
8.838058178411864691e-04
8.909862373876317656e-04
8.982274757998479032e-04
9.055299776815811707e-04
9.128941880518189403e-04
9.203205524296861678e-04
9.278095157721021448e-04
9.353615246143799373e-04
9.429770237956322477e-04
9.506564597373194214e-04
9.584002782331447340e-04
9.662089254067818874e-04
9.740828462843253077e-04
9.820224869745231358e-04
9.900282940886438472e-04
9.981007128027441586e-04
1.006240190307272370e-03
1.014447171181069238e-03
1.022722102441853825e-03
1.031065430265648260e-03
1.039477600559817394e-03
1.047959059615522588e-03
1.056510253365543694e-03
1.065131627118234923e-03
1.073823627767354601e-03
1.082586699562267238e-03
1.091421287658833139e-03
1.100327836593829054e-03
1.109306790885383883e-03
1.118358594105548246e-03
1.127483688618454013e-03
1.136682517705120497e-03
1.145955523569537268e-03
1.155303147306373148e-03
1.164725829192279211e-03
1.174224011888194610e-03
1.183798132550933349e-03
1.193448632867285001e-03
1.203175949682722123e-03
1.212980521851847980e-03
1.222862787189790039e-03
1.232823181608527774e-03
1.242862141943244228e-03
1.252980103545991769e-03
1.263177501024794445e-03
1.273454768656395080e-03
1.283812338148971992e-03
1.294250643740480454e-03
1.304770116785423147e-03
1.315371187453821420e-03
1.326054285938718788e-03
1.336819842036529853e-03
1.347668284430249101e-03
1.358600040001051038e-03
1.369615536134728001e-03
1.380715199356598527e-03
1.391899454714075031e-03
1.403168727307644009e-03
1.414523439697501711e-03
1.425964015282773579e-03
1.437490874882974045e-03
1.449104440583931421e-03
1.460805133310904983e-03
1.472593369494267336e-03
1.484469567354083398e-03
1.496434144741116707e-03
1.508487514802046891e-03
1.520630094365943907e-03
1.532862295004230315e-03
1.545184527122110294e-03
1.557597202216658757e-03
1.570100731041779900e-03
1.582695518842060960e-03
1.595381972083983937e-03
1.608160498288391639e-03
1.621031496173655105e-03
1.633995370993321849e-03
1.647052522268041943e-03
1.660203349119455203e-03
1.673448248316705429e-03
1.686787615733940102e-03
1.700221844264606600e-03
1.713751329310882936e-03
1.727376461545509145e-03
1.741097628580375945e-03
1.754915220034435020e-03
1.768829623648924794e-03
1.782841222700089125e-03
1.796950406295915164e-03
1.811157552791125679e-03
1.825463045948912903e-03
1.839867268775932522e-03
1.854370599899875368e-03
1.868973414654444797e-03
1.883676094270591043e-03
1.898479012781253928e-03
1.913382543082777247e-03
1.928387061033024928e-03
1.943492937018790907e-03
1.958700541565665861e-03
1.974010244042206149e-03
1.989422414405449865e-03
2.004937416947031193e-03
2.020555618739218982e-03
2.036277384030138384e-03
2.052103078810568314e-03
2.068033061880549667e-03
2.084067696858089239e-03
2.100207343663335405e-03
2.116452364042104191e-03
2.132803113993939244e-03
2.149259952925473057e-03
2.165823236759722818e-03
2.182493323423288778e-03
2.199270566839087952e-03
2.216155324076804056e-03
2.233147945953588894e-03
2.250248788326475111e-03
2.267458202936900764e-03
2.284776542003514200e-03
2.302204158967337093e-03
2.319741402851161882e-03
2.337388625687607767e-03
2.355146174650749828e-03
2.373014401437365233e-03
2.390993656326392217e-03
2.409084287365085859e-03
2.427286641548874208e-03
2.445601070457048120e-03
2.464027922424021858e-03
2.482567543725985437e-03
2.501220286201236067e-03
2.519986495073482744e-03
2.538866517293352550e-03
2.557860707965193756e-03
2.576969408942875791e-03
2.596192968371501247e-03
2.615531737527438793e-03
2.634986062845884498e-03
2.654556290258081215e-03
2.674242774186332515e-03
2.694045853554320920e-03
2.713965885988233774e-03
2.734003211918004887e-03
2.754158184587652061e-03
2.774431154880066617e-03
2.794822464552244520e-03
2.815332464472910471e-03
2.835961507022397281e-03
2.856709941309174949e-03
2.877578110330048476e-03
2.898566369298155414e-03
2.919675061739492473e-03
2.940904542495566959e-03
2.962255153715604925e-03
2.983727247779018911e-03
3.005321173504997296e-03
3.027037275512782510e-03
3.048875908505351614e-03
3.070837414523931112e-03
3.092922144484272322e-03
3.115130441559007916e-03
3.137462661532489528e-03
3.159919139986523424e-03
3.182500231807538875e-03
3.205206286715038370e-03
3.228037642483379006e-03
3.250994647322921500e-03
3.274077646700199271e-03
3.297286987484067573e-03
3.320623012812136312e-03
3.344086067760389767e-03
3.367676499638348492e-03
3.391394643873625690e-03
3.415240844429164990e-03
3.439215452555979043e-03
3.463318802395816843e-03
3.487551238517755652e-03
3.511913098978517410e-03
3.536404719364665862e-03
3.561026450076502665e-03
3.585778622536192270e-03
3.610661577451370393e-03
3.635675644860439457e-03
3.660821171818716673e-03
3.686098485473750241e-03
3.711507929182757820e-03
3.737049828286952580e-03
3.762724518147070665e-03
3.788532333838733404e-03
3.814473602207114553e-03
3.840548655923517810e-03
3.866757823580934100e-03
3.893101429602191434e-03
3.919579810675161841e-03
3.946193275515702883e-03
3.972942166111034790e-03
3.999826797712112240e-03
4.026847491687727057e-03
4.054004567875605855e-03
4.081298345220357206e-03
4.108729151283590023e-03
4.136297294457090372e-03
4.164003090446444059e-03
4.191846854531233041e-03
4.219828898915854200e-03
4.247949534681051166e-03
4.276209069084294274e-03
4.304607812879955413e-03
4.333146070572706926e-03
4.361824147578478340e-03
4.390642344834217760e-03
4.419600965343837944e-03
4.448700304771573306e-03
4.477940671319161417e-03
4.507322345312913918e-03
4.536845631195172805e-03
4.566510818042691933e-03
4.596318194607105882e-03
4.626268045870532419e-03
4.656360665465742420e-03
4.686596334760700401e-03
4.716975329573675629e-03
4.747497941647170656e-03
4.778164437378197571e-03
4.808975096739688364e-03
4.839930193195832696e-03
4.871030000691591900e-03
4.902274778937545409e-03
4.933664806447364548e-03
4.965200340483900965e-03
4.996881644196045358e-03
5.028708974605685875e-03
5.060682594693844023e-03
5.092802749229531287e-03
5.125069702112398061e-03
5.157483688189612968e-03
5.190044963672057511e-03
5.222753771091842405e-03
5.255610358951345179e-03
5.288614951532253673e-03
5.321767794913548864e-03
5.355069110946917947e-03
5.388519148201013562e-03
5.422118120322818625e-03
5.455866260437447837e-03
5.489763778180361230e-03
5.523810904638456684e-03
5.558007846685276802e-03
5.592354836559975707e-03
5.626852051970680259e-03
5.661499731339218744e-03
5.696298063271084365e-03
5.731247247004606950e-03
5.766347473938655474e-03
5.801598961647893953e-03
5.837001870621281313e-03
5.872556409735483519e-03
5.908262756442267394e-03
5.944121087583279298e-03
5.980131582893324395e-03
6.016294415605621254e-03
6.052609756242407699e-03
6.089077771628217083e-03
6.125698625958343919e-03
6.162472475977019519e-03
6.199399477697274501e-03
6.236479796054058243e-03
6.273713564203275452e-03
6.311100936236943917e-03
6.348642046310718108e-03
6.386337044128429820e-03
6.424186054244620213e-03
6.462189207435890641e-03
6.500346633903750400e-03
6.538658453054536739e-03
6.577124784971750959e-03
6.615745742273520559e-03
6.654521440967990469e-03
6.693451984217276690e-03
6.732537463740054413e-03
6.771777991361456993e-03
6.811173653010956300e-03
6.850724541272076515e-03
6.890430747212724326e-03
6.930292345584980994e-03
6.970309408363590392e-03
7.010482010706009168e-03
7.050810217097418404e-03
7.091294100168593628e-03
7.131933717119126256e-03
7.172729103746233043e-03
7.213680331330700815e-03
7.254787428835087620e-03
7.296050447688526980e-03
7.337469415237059256e-03
7.379044359710994032e-03
7.420775302851091541e-03
7.462662275269827013e-03
7.504705287638540126e-03
7.546904349612781546e-03
7.589259464498792837e-03
7.631770631293553417e-03
7.674437849348607170e-03
7.717261099433843537e-03
7.760240379538646018e-03
7.803375654162826754e-03
7.846666902686651526e-03
7.890114097060937567e-03
7.933717191114934494e-03
7.977476148586491039e-03
8.021390924559510319e-03
8.065461461513906416e-03
8.109687700068828400e-03
8.154069576234752523e-03
8.198607020733968478e-03
8.243299959259691584e-03
8.288148318782866814e-03
8.333151993646837133e-03
8.378310910876696910e-03
8.423624957997812371e-03
8.469094037807364805e-03
8.514718043753007407e-03
8.560496852543285004e-03
8.606430345831308018e-03
8.652518396714910590e-03
8.698760870929567873e-03
8.745157629803559929e-03
8.791708528010925422e-03
8.838413412439167713e-03
8.885272128671651073e-03
8.932284506998117504e-03
8.979450368291347004e-03
9.026769554548098873e-03
9.074241874796296417e-03
9.121867134246662914e-03
9.169645146157827734e-03
9.217575700199617458e-03
9.265658583350693672e-03
9.313893590846210671e-03
9.362280493410403415e-03
9.410819061558379009e-03
9.459509066643547945e-03
9.508350257584962523e-03
9.557342385463867343e-03
9.606485196607282215e-03
9.655778426699193617e-03
9.705221806636129406e-03
9.754815065973199140e-03
9.804557905709335858e-03
9.854450049618478438e-03
9.904491185467058020e-03
9.954681025712470294e-03
1.000501923604504850e-02
1.005550551145177954e-02
1.010613952538888527e-02
1.015692093259351267e-02
1.020784940118947375e-02
1.025892458260243938e-02
1.031014611697309534e-02
1.036151363458829612e-02
1.041302677940489363e-02
1.046468515553014046e-02
1.051648838960211885e-02
1.056843608629772814e-02
1.062052782887463846e-02
1.067276323093426307e-02
1.072514186931373091e-02
1.077766331148290180e-02
1.083032713245629143e-02
1.088313289279957234e-02
1.093608014640602179e-02
1.098916843554456277e-02
1.104239729885978655e-02
1.109576626965810657e-02
1.114927486495273165e-02
1.120292260248848676e-02
1.125670898003796640e-02
1.131063350457833100e-02
1.136469565513084992e-02
1.141889492232714756e-02
1.147323077870676319e-02
1.152770268829879374e-02
1.158231010082394312e-02
1.163705247905059102e-02
1.169192925282562870e-02
1.174693985694530776e-02
1.180208371089916559e-02
1.185736023904505193e-02
1.191276884356444292e-02
1.196830891993654923e-02
1.202397986655885653e-02
1.207978106353669798e-02
1.213571187563595478e-02
1.219177168440195060e-02
1.224795983832438311e-02
1.230427567934219528e-02
1.236071856054443696e-02
1.241728781291956234e-02
1.247398276151987125e-02
1.253080270892437294e-02
1.258774698100379591e-02
1.264481487007919000e-02
1.270200565993145556e-02
1.275931865034525894e-02
1.281675309897305562e-02
1.287430828369103171e-02
1.293198345663902800e-02
1.298977786654542665e-02
1.304769076279698597e-02
1.310572136977624161e-02
1.316386891571476661e-02
1.322213261119632895e-02
1.328051167970458260e-02
1.333900531254376791e-02
1.339761270597476968e-02
1.345633303802435017e-02
1.351516549319093860e-02
1.357410922804981428e-02
1.363316341507654801e-02
1.369232719642281618e-02
1.375159971969641334e-02
1.381098011985555825e-02
1.387046752239947181e-02
1.393006104163344201e-02
1.398975980135416623e-02
1.404956289078727882e-02
1.410946939836763003e-02
1.416947842071702643e-02
1.422958902937076879e-02
1.428980029925331664e-02
1.435011127756382829e-02
1.441052102607669715e-02
1.447102857596371285e-02
1.453163297032233382e-02
1.459233323663635014e-02
1.465312838932168217e-02
1.471401743181562083e-02
1.477499936662672597e-02
1.483607318848475035e-02
1.489723787176164792e-02
1.495849239434447579e-02
1.501983572772950561e-02
1.508126681484665312e-02
1.514278462049661184e-02
1.520438806709938778e-02
1.526607609412426216e-02
1.532784762211062204e-02
1.538970156075689100e-02
1.545163681076257810e-02
1.551365227581210163e-02
1.557574683279209886e-02
1.563791936082202516e-02
1.570016872890130089e-02
1.576249379498497957e-02
1.582489340451783896e-02
1.588736640112024812e-02
1.594991162399417295e-02
1.601252788970021143e-02
1.607521400267851452e-02
1.613796877877664293e-02
1.620079100727813554e-02
1.626367948307220687e-02
1.632663296740308190e-02
1.638965023589128781e-02
1.645273004795071853e-02
1.651587114834566702e-02
1.657907227649759244e-02
1.664233216669807822e-02
1.670564953789208454e-02
1.676902309351024911e-02
1.683245154898981022e-02
1.689593358107796886e-02
1.695946788995733936e-02
1.702305312721270197e-02
1.708668798030422639e-02
1.715037108719499187e-02
1.721410110089766424e-02
1.727787665321368557e-02
1.734169636411168544e-02
1.740555886505056049e-02
1.746946274577049207e-02
1.753340661161578024e-02
1.759738904785866642e-02
1.766140863152593221e-02
1.772546392650945282e-02
1.778955349721068890e-02
1.785367588322691809e-02
1.791782963074507740e-02
1.798201326496780619e-02
1.804622530602037825e-02
1.811046425835222129e-02
1.817472862339396256e-02
1.823901689142760907e-02
1.830332754401639908e-02
1.836765905295184229e-02
1.843200988031006710e-02
1.849637847436440968e-02
1.856076328010615797e-02
1.862516272832602168e-02
1.868957525284891188e-02
1.875399925520599906e-02
1.881843314387807858e-02
1.888287531784076795e-02
1.894732415691431984e-02
1.901177803998599369e-02
1.907623533536609989e-02
1.914069439520128119e-02
1.920515357016862323e-02
1.926961119163363503e-02
1.933406559316005330e-02
1.939851509146342870e-02
1.946295799296434564e-02
1.952739259600784830e-02
1.959181718955343987e-02
1.965623005041619575e-02
1.972062944918355834e-02
1.978501364648989000e-02
1.984938088999886260e-02
1.991372941799321450e-02
1.997805746675820893e-02
2.004236324827473811e-02
2.010664497809658280e-02
2.017090085641031275e-02
2.023512907341517772e-02
2.029932781057734725e-02
2.036349524180598725e-02
2.042762952611702071e-02
2.049172881775485414e-02
2.055579125821134848e-02
2.061981498026025164e-02
2.068379810147256276e-02
2.074773874317735467e-02
2.081163500322205651e-02
2.087548497692927676e-02
2.093928674265415832e-02
2.100303838059775982e-02
2.106673794940693359e-02
2.113038350305513832e-02
2.119397308010870576e-02
2.125750472347548783e-02
2.132097645113472523e-02
2.138438627365621750e-02
2.144773220011178191e-02
2.151101222079407349e-02
2.157422431814288305e-02
2.163736646737990030e-02
2.170043663103082832e-02
2.176343276014625419e-02
2.182635280081597975e-02
2.188919468399867785e-02
2.195195633540285990e-02
2.201463566328063295e-02
2.207723057707324313e-02
2.213973896482601678e-02
2.220215871294458493e-02
2.226448769273188522e-02
2.232672376673910941e-02
2.238886479065519547e-02
2.245090860396091806e-02
2.251285304616479355e-02
2.257469593110084452e-02
2.263643507999663421e-02
2.269806828931530615e-02
2.275959335492250268e-02
2.282100805857395845e-02
2.288231017183246785e-02
2.294349745786165157e-02
2.300456766581770660e-02
2.306551854262395632e-02
2.312634781548500440e-02
2.318705320862924843e-02
2.324763243116499678e-02
2.330808318530970882e-02
2.336840316203800741e-02
2.342859004102463769e-02
2.348864149252441816e-02
2.354855517851347710e-02
2.360832874521364561e-02
2.366795983464782538e-02
2.372744607529698666e-02
2.378678508757873719e-02
2.384597447748870377e-02
2.390501184409253230e-02
2.396389477665827536e-02
2.402262085087631532e-02
2.408118763536728699e-02
2.413959268761849825e-02
2.419783355388274021e-02
2.425590777143404181e-02
2.431381286797097002e-02
2.437154636031550400e-02
2.442910575510085294e-02
2.448648854974074321e-02
2.454369223124945598e-02
2.460071427636375055e-02
2.465755215144206994e-02
2.471420331224138955e-02
2.477066520731132857e-02
2.482693527083178892e-02
2.488301093108476192e-02
2.493888960255698575e-02
2.499456869336490542e-02
2.505004559618438306e-02
2.510531769922827103e-02
2.516038237720078646e-02
2.521523699657557058e-02
2.526987891051769505e-02
2.532430546518411180e-02
2.537851399600692115e-02
2.543250182691827663e-02
2.548626627192046926e-02
2.553980463705429402e-02
2.559311421471538450e-02
2.564619228852003940e-02
2.569903613278830962e-02
2.575164301150910731e-02
2.580401017596381866e-02
2.585613487097693924e-02
2.590801432768952139e-02
2.595964576934484472e-02
2.601102640761511139e-02
2.606215344437851772e-02
2.611302407098360645e-02
2.616363546910542223e-02
2.621398480955716009e-02
2.626406925365974004e-02
2.631388595292680210e-02
2.636343204757060979e-02
2.641270466879444209e-02
2.646170093706400051e-02
2.651041796327102684e-02
2.655885284862453607e-02
2.660700268273586203e-02
2.665486454581328032e-02
2.670243550887197240e-02
2.674971263205649930e-02
2.679669296457560038e-02
2.684337354664556238e-02
2.688975140873793926e-02
2.693582356963421590e-02
2.698158703869089209e-02
2.702703881597343788e-02
2.707217589024770582e-02
2.711699524062330738e-02
2.716149383548707719e-02
2.720566863389484516e-02
2.724951658473720104e-02
2.729303462572891387e-02
2.733621968514420714e-02
2.737906868123839502e-02
2.742157852142688979e-02
2.746374610340818895e-02
2.750556831457556459e-02
2.754704203233034401e-02
2.758816412320454561e-02
2.762893144414209357e-02
2.766934084206876601e-02
2.770938915242425818e-02
2.774907320217329110e-02
2.778838980704525716e-02
2.782733577200037847e-02
2.786590789335893423e-02
2.790410295579032543e-02
2.794191773420746927e-02
2.797934899345200233e-02
2.801639348791924375e-02
2.805304796151951094e-02
2.808930914861946723e-02
2.812517377265484966e-02
2.816063854689917698e-02
2.819570017453289223e-02
2.823035534853940778e-02
2.826460075147251352e-02
2.829843305539216439e-02
2.833184892259239113e-02
2.836484500456407792e-02
2.839741794305535375e-02
2.842956436888952054e-02
2.846128090322397677e-02
2.849256415642441309e-02
2.852341072879320885e-02
2.855381721035923567e-02
2.858378018059685652e-02
2.861329620903482057e-02
2.864236185459797385e-02
2.867097366605788830e-02
2.869912818187213624e-02
2.872682192997752862e-02
2.875405142816650148e-02
2.878081318399034610e-02
2.880710369446299809e-02
2.883291944634785303e-02
2.885825691615702404e-02
2.888311256997172505e-02
2.890748286353761812e-02
2.893136424235718054e-02
2.895475314142931592e-02
2.897764598561316726e-02
2.900003918925323984e-02
2.902192915642854906e-02
2.904331228084909913e-02
2.906418494588539417e-02
2.908454352453967648e-02
2.910438437943272880e-02
2.912370386291797744e-02
2.914249831689494363e-02
2.916076407296414388e-02
2.917849745231311173e-02
2.919569476582115769e-02
2.921235231398304488e-02
2.922846638689793886e-02
2.924403326435140796e-02
2.925904921570553208e-02
2.927351049999362895e-02
2.928741336584815905e-02
2.930075405154826396e-02
2.931352878499531023e-02
2.932573378371438472e-02
2.933736525485063432e-02
2.934841939517899775e-02
2.935889239109471319e-02
2.936878041861078550e-02
2.937807964336311417e-02
2.938678622060677398e-02
2.939489629521910979e-02
2.940240600168816248e-02
2.940931146412817040e-02
2.941560879626347116e-02
2.942129410143846241e-02
2.942636347261197438e-02
2.943081299235829340e-02
2.943463873286808474e-02
2.943783675594618260e-02
2.944040311301138191e-02
2.944233384509727450e-02
2.944362498285146498e-02
2.944427254653549791e-02
