8.643688763859320480e-04
8.530423746438450631e-04
8.419689187230492561e-04
8.311463763997721911e-04
8.205725525551854074e-04
8.102451896980828903e-04
8.001619710126010258e-04
7.903205242359399862e-04
7.807184207195652127e-04
7.713531793439471493e-04
7.622222671053341695e-04
7.533231034053593320e-04
7.446530605813561892e-04
7.362094645756399325e-04
7.279895999722805827e-04
7.199907105244750813e-04
7.122100012105383017e-04
7.046446450890759454e-04
6.972917842001504028e-04
6.901485413966401044e-04
6.832120182305438010e-04
6.764793055321016929e-04
6.699474876536004988e-04
6.636136444707636112e-04
6.574748560232177106e-04
6.515282137880929825e-04
6.457708138906408015e-04
6.401997685631954406e-04
6.348122074539587489e-04
6.296052782443180892e-04
6.245761488709207498e-04
6.197220070882163666e-04
6.150400631559708705e-04
6.105275498790848970e-04
6.061817232780222341e-04
6.019998652506787029e-04
5.979792816648063893e-04
5.941173051704007942e-04
5.904112930201982704e-04
5.868586289910478291e-04
5.834567219811665753e-04
5.802030069482176644e-04
5.770949439328289287e-04
5.741300189281206339e-04
5.713057438865217505e-04
5.686196556656239248e-04
5.660693165995842133e-04
5.636523152226504893e-04
5.613662629343178648e-04
5.592087981515685494e-04
5.571775840538739036e-04
5.552703068202771534e-04
5.534846798360758095e-04
5.518184387219285045e-04
5.502693453865897030e-04
5.488351845058895293e-04
5.475137671465708919e-04
5.463029266111160990e-04
5.452005215474835026e-04
5.442044356191429264e-04
5.433125753621778284e-04
5.425228707607852342e-04
5.418332786690768831e-04
5.412417775628141888e-04
5.407463710100705824e-04
5.403450865263503388e-04
5.400359764763189817e-04
5.398171163725130244e-04
5.396866073959303688e-04
5.396425742708973365e-04
5.396831678678233775e-04
5.398065612210241771e-04
5.400109545642500742e-04
5.402945715852969710e-04
5.406556603554130581e-04
5.410924942284291942e-04
5.416033700204506791e-04
5.421866122705055113e-04
5.428405679783859491e-04
5.435636105221132788e-04
5.443541377593222189e-04
5.452105720072685565e-04
5.461313616594813810e-04
5.471149791412039005e-04
5.481599240825945100e-04
5.492647180113659038e-04
5.504279109307436309e-04
5.516480758664571741e-04
5.529238131647847259e-04
5.542537467610684490e-04
5.556365247057732737e-04
5.570708241164305926e-04
5.585553421071944285e-04
5.600888037519231259e-04
5.616699579191724700e-04
5.632975770327582022e-04
5.649704601023957783e-04
5.666874289836058712e-04
5.684473289340410572e-04
5.702490296338333592e-04
5.720914257096975774e-04
5.739734344015697031e-04
5.758939965566247212e-04
5.778520774614931757e-04
5.798466648667748805e-04
5.818767693438534321e-04
5.839414253546606039e-04
5.860396904428514424e-04
5.881706423485785718e-04
5.903333856915546091e-04
5.925270421557304315e-04
5.947507595346386436e-04
5.970037060085340002e-04
5.992850703629586974e-04
6.015940644819060346e-04
6.039299215786365482e-04
6.062918935317290888e-04
6.086792567109239934e-04
6.110913057619129889e-04
6.135273545343832924e-04
6.159867404867363887e-04
6.184688186642260926e-04
6.209729631699073462e-04
6.234985683883024609e-04
6.260450491573279347e-04
6.286118383598511073e-04
6.311983859614633341e-04
6.338041618440754324e-04
6.364286543475471472e-04
6.390713675773715971e-04
6.417318269832688509e-04
6.444095710151314218e-04
6.471041577087522159e-04
6.498151623715774311e-04
6.525421749181232675e-04
6.552848050411953914e-04
6.580426741098583873e-04
6.608154227364590461e-04
6.636027057793759216e-04
6.664041939030947506e-04
6.692195710359917981e-04
6.720485388549302542e-04
6.748908111914212566e-04
6.777461165051396411e-04
6.806141980831218038e-04
6.834948105847113171e-04
6.863877267886865250e-04
6.892927268985664987e-04
6.922096074482868202e-04
6.951381773032141954e-04
6.980782560081261363e-04
7.010296772964375077e-04
7.039922851384498165e-04
7.069659353535411939e-04
7.099504963140992929e-04
7.129458451594587872e-04
7.159518709494172312e-04
7.189684739476194910e-04
7.219955640183912515e-04
7.250330597534859409e-04
7.280808918476987550e-04
7.311389984559995116e-04
7.342073273845422859e-04
7.372858357755332666e-04
7.403744894353158669e-04
7.434732626832768520e-04
7.465821377638134611e-04
7.497011043096371780e-04
7.528301621100030611e-04
7.559693156370428683e-04
7.591185773411235089e-04
7.622779678268434139e-04
7.654475131875020880e-04
7.686272464784009743e-04
7.718172085789913725e-04
7.750174439275458972e-04
7.782280043490112263e-04
7.814489474016856566e-04
7.846803355570190763e-04
7.879222377460106319e-04
7.911747252295874954e-04
7.944378772242841492e-04
7.977117758740994444e-04
8.009965071557268107e-04
8.042921623711506672e-04
8.075988363947763293e-04
8.109166273218810323e-04
8.142456358657861396e-04
8.175859686704503972e-04
8.209377335972328641e-04
8.243010409491321544e-04
8.276760041780886019e-04
8.310627401282965742e-04
8.344613673438780726e-04
8.378720056654475256e-04
8.412947782769202585e-04
8.447298094193918727e-04
8.481772260839203371e-04
8.516371563820424387e-04
8.551097303974908087e-04
8.585950793913540340e-04
8.620933364193390834e-04
8.656046355342089877e-04
8.691291118330862547e-04
8.726669021391044367e-04
8.762181428815473110e-04
8.797829715910801193e-04
8.833615268420156935e-04
8.869539469943308295e-04
8.905603701128051884e-04
8.941809357796940295e-04
8.978157821333467448e-04
9.014650482238857707e-04
9.051288726469891186e-04
9.088073933575452953e-04
9.125007474062518057e-04
9.162090721555157975e-04
9.199325039881873795e-04
9.236711781161217188e-04
9.274252293803095107e-04
9.311947916360090128e-04
9.349799976209401293e-04
9.387809791775178839e-04
9.425978677073083368e-04
9.464307920054052187e-04
9.502798813839478682e-04
9.541452630978953511e-04
9.580270637404656722e-04
9.619254078456459037e-04
9.658404194165151179e-04
9.697722210135824739e-04
9.737209340802135352e-04
9.776866793116340340e-04
9.816695759807831517e-04
9.856697424789372716e-04
9.896872962470838839e-04
9.937223541067452797e-04
9.977750320319441618e-04
1.001845445566865861e-03
1.005933709007481719e-03
1.010039936523180739e-03
1.014164242188772200e-03
1.018306738757724771e-03
1.022467539572166888e-03
1.026646756607958776e-03
1.030844502774220205e-03
1.035060889346820986e-03
1.039296029714377977e-03
1.043550034518420534e-03
1.047823017026133135e-03
1.052115088734216540e-03
1.056426363123006990e-03
1.060756952436323975e-03
1.065106969663156536e-03
1.069476528655383769e-03
1.073865743564446579e-03
1.078274727904699349e-03
1.082703597302584310e-03
1.087152466799048067e-03
1.091621452741051330e-03
1.096110670918937343e-03
1.100620239855868310e-03
1.105150277270137028e-03
1.109700901697004746e-03
1.114272234166134752e-03
1.118864395618235450e-03
1.123477508906123301e-03
1.128111697788801351e-03
1.132767087891809734e-03
1.137443806299177733e-03
1.142141981377977527e-03
1.146861742842774593e-03
1.151603223435353728e-03
1.156366555411326123e-03
1.161151873365746934e-03
1.165959313699464024e-03
1.170789014364925903e-03
1.175641116286910712e-03
1.180515758686424702e-03
1.185413085619496263e-03
1.190333240813103198e-03
1.195276371115133523e-03
1.200242624067455717e-03
1.205232149265751760e-03
1.210245098407631854e-03
1.215281623379406602e-03
1.220341878931576612e-03
1.225426021911868750e-03
1.230534210143633322e-03
1.235666603829102235e-03
1.240823363770280447e-03
1.246004653736936755e-03
1.251210637738943681e-03
1.256441483758670126e-03
1.261697359750918283e-03
1.266978436514992756e-03
1.272284886065157489e-03
1.277616881354228396e-03
1.282974599993418974e-03
1.288358217587012508e-03
1.293767914151598523e-03
1.299203871392349847e-03
1.304666271894560151e-03
1.310155301002340371e-03
1.315671144152681356e-03
1.321213991007800896e-03
1.326784031691694097e-03
1.332381459296885350e-03
1.338006466787722065e-03
1.343659250646311518e-03
1.349340009462040614e-03
1.355048942654793606e-03
1.360786251805827388e-03
1.366552142001291196e-03
1.372346816821228693e-03
1.378170485133448347e-03
1.384023356197180976e-03
1.389905642324702631e-03
1.395817555730393279e-03
1.401759312321667261e-03
1.407731129258120439e-03
1.413733227468575576e-03
1.419765826461497028e-03
1.425829150931518137e-03
1.431923426282386436e-03
1.438048878727099262e-03
1.444205738153104667e-03
1.450394236716261425e-03
1.456614607581222919e-03
1.462867086431622566e-03
1.469151912307338536e-03
1.475469322915630519e-03
1.481819561127427180e-03
1.488202870246335815e-03
1.494619497979120162e-03
1.501069691573355281e-03
1.507553702059723525e-03
1.514071780810346797e-03
1.520624183492971402e-03
1.527211167625808523e-03
1.533832991713657105e-03
1.540489915106697371e-03
1.547182204733542647e-03
1.553910125578343007e-03
1.560673944632537608e-03
1.567473930678502146e-03
1.574310361540545537e-03
1.581183506847195618e-03
1.588093646374851703e-03
1.595041060488360798e-03
1.602026030162512129e-03
1.609048839404606229e-03
1.616109776575868837e-03
1.623209129213754303e-03
1.630347194236507827e-03
1.637524264162921583e-03
1.644740634805751155e-03
1.651996608507908101e-03
1.659292490849630184e-03
1.666628584097250027e-03
1.674005200229222202e-03
1.681422649459923683e-03
1.688881245377380023e-03
1.696381309264062987e-03
1.703923154309622138e-03
1.711507107894440910e-03
1.719133491622309561e-03
1.726802635790248078e-03
1.734514869418350182e-03
1.742270525788208084e-03
1.750069941636892088e-03
1.757913452438237970e-03
1.765801399379955325e-03
1.773734126201327501e-03
1.781711977404742703e-03
1.789735301848536164e-03
1.797804447483119204e-03
1.805919768767176017e-03
1.814081619480294042e-03
1.822290356485101268e-03
1.830546338714642224e-03
1.838849927834562909e-03
1.847201487788264563e-03
1.855601382374276248e-03
1.864049978846957700e-03
1.872547650310048013e-03
1.881094763478102609e-03
1.889691695635019406e-03
1.898338822126397840e-03
1.907036518517975059e-03
1.915785167973080251e-03
1.924585148095496511e-03
1.933436844679999739e-03
1.942340642747103019e-03
1.951296929542555058e-03
1.960306093648584748e-03
1.969368525242458454e-03
1.978484615395769471e-03
1.987654759611077755e-03
1.996879353411778156e-03
2.006158793164570554e-03
2.015493477951864430e-03
2.024883804620022411e-03
2.034330178223111175e-03
2.043833002631177068e-03
2.053392678970826848e-03
2.063009616419381881e-03
2.072684217493598203e-03
2.082416895011873770e-03
2.092208057441116015e-03
2.102058116580190344e-03
2.111967484171611842e-03
2.121936573736475911e-03
2.131965801165752218e-03
2.142055580956268683e-03
2.152206328997304918e-03
2.162418468358360494e-03
2.172692413684217463e-03
2.183028584402627904e-03
2.193427406060132964e-03
2.203889295697883388e-03
2.214414674114879855e-03
2.225003969195954098e-03
2.235657600118337671e-03
2.246375994951398287e-03
2.257159576868065804e-03
2.268008773558934099e-03
2.278924007054191746e-03
2.289905710987153765e-03
2.300954308273330494e-03
2.312070229283693865e-03
2.323253904576549466e-03
2.334505754350268188e-03
2.345826222173994554e-03
2.357215726116465744e-03
2.368674700808068995e-03
2.380203575276071144e-03
2.391802784830200559e-03
2.403472756930809945e-03
2.415213923097309350e-03
2.427026714133826823e-03
2.438911561495140951e-03
2.450868897441954661e-03
2.462899158412773949e-03
2.475002767339060800e-03
2.487180161691265705e-03
2.499431773720712808e-03
2.511758037046751303e-03
2.524159376791477137e-03
2.536636232444053254e-03
2.549189032528003610e-03
2.561818210787844639e-03
2.574524195642353790e-03
2.587307422790758628e-03
2.600168319982869986e-03
2.613107324921087795e-03
2.626124864648557693e-03
2.639221371671366181e-03
2.652397280627785247e-03
2.665653015372792482e-03
2.678989013126934979e-03
2.692405702448196544e-03
2.705903512011370322e-03
2.719482873689749083e-03
2.733144216084784899e-03
2.746887970020204291e-03
2.760714564269305376e-03
2.774624425400064407e-03
2.788617980986823203e-03
2.802695658413182928e-03
2.816857886303661407e-03
2.831105088031591124e-03
2.845437686877140375e-03
2.859856110325924208e-03
2.874360778964949684e-03
2.888952111824151688e-03
2.903630536088108727e-03
2.918396464152765019e-03
2.933250317295281288e-03
2.948192512661789409e-03
2.963223465842794533e-03
2.978343589843182159e-03
2.993553297240826930e-03
3.008852998505904923e-03
3.024243102841127784e-03
3.039724016634968301e-03
3.055296148323588534e-03
3.070959899405273624e-03
3.086715670334755010e-03
3.102563861001396504e-03
3.118504870931718045e-03
3.134539092310704642e-03
3.150666918538274405e-03
3.166888743269407908e-03
3.183204953085305364e-03
3.199615928842380885e-03
3.216122055547018885e-03
3.232723718926904400e-03
3.249421288751160736e-03
3.266215145397567514e-03
3.283105656722747068e-03
3.300093191700027850e-03
3.317178119692119551e-03
3.334360798416901358e-03
3.351641593251634705e-03
3.369020853923414965e-03
3.386498936531944382e-03
3.404076191024269990e-03
3.421752959703901545e-03
3.439529591237598573e-03
3.457406420329751148e-03
3.475383778736876924e-03
3.493461999839281469e-03
3.511641415086663200e-03
3.529922343910185060e-03
3.548305105243906767e-03
3.566790014008675101e-03
3.585377383028020160e-03
3.604067518626059927e-03
3.622860719673108316e-03
3.641757290221812968e-03
3.660757519954811138e-03
3.679861699780855207e-03
3.699070109393436633e-03
3.718383033165700239e-03
3.737800744437210550e-03
3.757323510536048679e-03
3.776951600892492194e-03
3.796685271792096372e-03
3.816524778759692975e-03
3.836470374187937390e-03
3.856522300863556539e-03
3.876680797381055251e-03
3.896946097078255247e-03
3.917318429301527849e-03
3.937798016827254166e-03
3.958385077557661710e-03
3.979079824524559689e-03
3.999882457990157694e-03
4.020793182519843793e-03
4.041812193548248271e-03
4.062939674274380041e-03
4.084175811996370968e-03
4.105520775852767972e-03
4.126974744221581330e-03
4.148537874864486295e-03
4.170210326156465266e-03
4.191992249456355166e-03
4.213883788737162253e-03
4.235885077817021921e-03
4.257996256914972806e-03
4.280217445255240886e-03
4.302548757972611548e-03
4.324990308373333724e-03
4.347542200334265916e-03
4.370204532041942549e-03
4.392977390077802691e-03
4.415860860024261626e-03
4.438855016434391405e-03
4.461959928714442740e-03
4.485175655558389790e-03
4.508502249918639772e-03
4.531939761629690325e-03
4.555488228111914673e-03
4.579147678175074683e-03
4.602918139161290244e-03
4.626799626225528046e-03
4.650792142224600099e-03
4.674895694151501128e-03
4.699110272583621739e-03
4.723435856772360310e-03
4.747872431163245935e-03
4.772419958713899901e-03
4.797078401043202746e-03
4.821847707413565859e-03
4.846727826156876744e-03
4.871718689959018446e-03
4.896820225722004101e-03
4.922032351615916734e-03
4.947354978667008706e-03
4.972788005913975594e-03
4.998331328347169721e-03
5.023984828991613638e-03
5.049748382638466655e-03
5.075621852727891549e-03
5.101605099981227666e-03
5.127697972350301475e-03
5.153900307128311820e-03
5.180211937059599724e-03
5.206632678434397303e-03
5.233162347987572321e-03
5.259800743788148499e-03
5.286547661118073428e-03
5.313402884273909360e-03
5.340366184453257392e-03
5.367437326802126235e-03
5.394616069320056287e-03
5.421902153677630662e-03
5.449295317156980199e-03
5.476795286892655046e-03
5.504401776272658045e-03
5.532114495957580862e-03
5.559933138945847425e-03
5.587857394163322534e-03
5.615886941455764531e-03
5.644021442182568273e-03
5.672260560301688875e-03
5.700603939765008267e-03
5.729051220342890396e-03
5.757602028899726047e-03
5.786255983479321116e-03
5.815012689796296083e-03
5.843871748698388491e-03
5.872832746280741770e-03
5.901895259017030798e-03
5.931058856361008484e-03
5.960323091177494384e-03
5.989687516402035332e-03
6.019151663235899723e-03
6.048715059983094527e-03
6.078377221255999024e-03
6.108137651505044820e-03
6.137995848135358208e-03
6.167951292907107932e-03
6.198003463011337276e-03
6.228151820415416505e-03
6.258395819408559164e-03
6.288734901524132941e-03
6.319168499801536103e-03
6.349696036594387402e-03
6.380316925240624160e-03
6.411030563573220063e-03
6.441836345632901036e-03
6.472733647283656841e-03
6.503721839833054297e-03
6.534800283576546256e-03
6.565968321937810763e-03
6.597225296852194699e-03
6.628570531373367478e-03
6.660003343792492148e-03
6.691523034859409198e-03
6.723128900437850240e-03
6.754820222215039693e-03
6.786596272463310368e-03
6.818456309965667365e-03
6.850399586192209428e-03
6.882425336736804414e-03
6.914532787575416485e-03
6.946721156376097286e-03
6.978989644542496311e-03
7.011337444804454852e-03
7.043763739168866500e-03
7.076267692530827623e-03
7.108848465348127296e-03
7.141505202882154034e-03
7.174237039452972114e-03
7.207043094128909311e-03
7.239922481898045971e-03
7.272874297977081730e-03
7.305897627999055968e-03
7.338991548163346750e-03
7.372155117818621206e-03
7.405387391833525082e-03
7.438687404482757434e-03
7.472054182718279418e-03
7.505486739717822167e-03
7.538984081807675527e-03
7.572545190816382631e-03
7.606169049616144824e-03
7.639854621300043273e-03
7.673600859479789461e-03
7.707406701931773969e-03
7.741271077863754596e-03
7.775192902357131938e-03
7.809171075735369533e-03
7.843204492814441486e-03
7.877292025151916288e-03
7.911432541167901650e-03
7.945624890191226378e-03
7.979867913078067879e-03
8.014160435202645830e-03
8.048501271188770664e-03
8.082889220403189842e-03
8.117323071820062991e-03
8.151801597554820047e-03
8.186323563392064462e-03
8.220887715886396677e-03
8.255492792790664405e-03
8.290137515337933291e-03
8.324820594910509880e-03
8.359540727167677140e-03
8.394296596249727418e-03
8.429086875283023708e-03
8.463910217871819380e-03
8.498765270193435473e-03
8.533650662596094574e-03
8.568565013680258524e-03
8.603506925895725022e-03
8.638474990648960586e-03
8.673467785668359173e-03
8.708483873707475661e-03
8.743521804822473181e-03
8.778580116647151377e-03
8.813657332047662718e-03
8.848751960458619073e-03
8.883862498248053241e-03
8.918987428136508633e-03
8.954125218212266243e-03
8.989274326020783509e-03
9.024433191720318548e-03
9.059600245476522040e-03
9.094773900596646310e-03
9.129952559357668029e-03
9.165134610412045690e-03
9.200318426116601070e-03
9.235502367704160123e-03
9.270684781728613655e-03
9.305864000753793358e-03
9.341038342739645117e-03
9.376206114778283876e-03
9.411365606837434131e-03
9.446515096600256386e-03
9.481652848055466265e-03
9.516777107915284917e-03
9.551886114442718206e-03
9.586978086959506776e-03
9.622051233257591582e-03
9.657103746223303850e-03
9.692133804201974456e-03
9.727139571813299065e-03
9.762119199167104341e-03
9.797070822607367377e-03
9.831992563703633586e-03
9.866882529866715171e-03
9.901738813642251003e-03
9.936559493640879231e-03
9.971342634101321156e-03
1.000608628411181131e-02
1.004078847987705664e-02
1.007544724042485663e-02
1.011006057227621657e-02
1.014462646723693871e-02
1.017914290127809075e-02
1.021360783723850203e-02
1.024801922239607435e-02
1.028237498931734543e-02
1.031667305601319772e-02
1.035091132683908094e-02
1.038508768931002170e-02
1.041920001795243640e-02
1.045324617160864680e-02
1.048722399554736368e-02
1.052113131872010367e-02
1.055496595607174209e-02
1.058872570881965770e-02
1.062240836172960098e-02
1.065601168515548092e-02
1.068953343572882735e-02
1.072297135504651430e-02
1.075632316902751587e-02
1.078958659025008524e-02
1.082275931594869553e-02
1.085583902877206193e-02
1.088882339738393192e-02
1.092171007501874236e-02
1.095449670218208611e-02
1.098718090371368812e-02
1.101976029127178791e-02
1.105223246109485365e-02
1.108459499603911720e-02
1.111684546423147985e-02
1.114898141942098110e-02
1.118100040048616850e-02
1.121289993282295790e-02
1.124467752644517718e-02
1.127633067808420791e-02
1.130785686834199361e-02
1.133925356499426891e-02
1.137051822041961792e-02
1.140164827248870381e-02
1.143264114505096289e-02
1.146349424651789926e-02
1.149420497179079979e-02
1.152477070010094438e-02
1.155518879757524812e-02
1.158545661548711532e-02
1.161557149120643652e-02
1.164553074909287569e-02
1.167533169865956136e-02
1.170497163684059393e-02
1.173444784630264803e-02
1.176375759630080703e-02
1.179289814253069862e-02
1.182186672670754862e-02
1.185066057700843306e-02
1.187927690818990807e-02
1.190771292058502746e-02
1.193596580149427523e-02
1.196403272424922080e-02
1.199191084835621660e-02
1.201959732015048937e-02
1.204708927161570083e-02
1.207438382122111818e-02
1.210147807394175781e-02
1.212836912098023273e-02
1.215505403971583326e-02
1.218152989408574638e-02
1.220779373395625145e-02
1.223384259602797001e-02
1.225967350285565513e-02
1.228528346369264085e-02
1.231066947387474478e-02
1.233582851488167730e-02
1.236075755484719596e-02
1.238545354800195744e-02
1.240991343468372636e-02
1.243413414194388146e-02
1.245811258254720874e-02
1.248184565576378885e-02
1.250533024730065244e-02
1.252856322898525214e-02
1.255154145897811706e-02
1.257426178185266745e-02
1.259672102841562051e-02
1.261891601577361938e-02
1.264084354755762307e-02
1.266250041339409341e-02
1.268388338946099467e-02
1.270498923808548696e-02
1.272581470803153640e-02
1.274635653424705320e-02
1.276661143794556239e-02
1.278657612671348087e-02
1.280624729432067004e-02
1.282562162092380602e-02
1.284469577295947740e-02
1.286346640310732405e-02
1.288193015052125669e-02
1.290008364053740753e-02
1.291792348492656894e-02
1.293544628176552906e-02
1.295264861545629073e-02
1.296952705682401751e-02
1.298607816291262075e-02
1.300229847718777434e-02
1.301818452943900341e-02
1.303373283575384213e-02
1.304893989866041069e-02
1.306380220691155149e-02
1.307831623564404723e-02
1.309247844631646930e-02
1.310628528668522468e-02
1.311973319119314960e-02
1.313281858059264957e-02
1.314553786224588981e-02
1.315788743019813238e-02
1.316986366526227969e-02
1.318146293491531847e-02
1.319268159343020205e-02
1.320351598187000618e-02
1.321396242812024335e-02
1.322401724686520820e-02
1.323367673957345954e-02
1.324293719453301099e-02
1.325179488689687615e-02
1.326024607862280429e-02
1.326828701853540945e-02
1.327591394233786949e-02
1.328312307260283952e-02
1.328991061877612609e-02
1.329627277717906550e-02
1.330220573099893597e-02
1.330770565029592255e-02
1.331276869203277743e-02
1.331739100004380137e-02
1.332156870506093216e-02
1.332529792471871984e-02
1.332857476355099081e-02
1.333139531299160768e-02
1.333375565137485952e-02
1.333565184393449565e-02
1.333707994280420445e-02
1.333803598701728370e-02
1.333851600264058038e-02
