2.467513612515077545e-02
2.587652134977037194e-02
2.707790661106473235e-02
2.827929198239811578e-02
2.948067757383892804e-02
3.068206353217447363e-02
3.188345004092561774e-02
3.308483732036156949e-02
3.428622562751457159e-02
3.548761525619460039e-02
3.668900653700414571e-02
3.789039983735292827e-02
3.909179556147271417e-02
4.029319415043196295e-02
4.149459608215070455e-02
4.269600187141522202e-02
4.389741382690205002e-02
4.509883394718978977e-02
4.630026407494381574e-02
4.750170692389678317e-02
4.870316491627992711e-02
4.990463994506563056e-02
5.110613235808939697e-02
5.230764217113464953e-02
5.350916899031649132e-02
5.471071136410197988e-02
5.591226622249795969e-02
5.711383137213359162e-02
5.831540247475319044e-02
5.951697508744593218e-02
6.071854428534129156e-02
6.192010482954655309e-02
6.312165155566007435e-02
6.432317902990589142e-02
6.552468300097735732e-02
6.672615938468628993e-02
6.792760500982578109e-02
6.912901741223545504e-02
7.033039514113666180e-02
7.153173720664757207e-02
7.273304347529059577e-02
7.393431447393039591e-02
7.513555133953045417e-02
7.633675575653200984e-02
7.753793020011864878e-02
7.873907772752025691e-02
7.994020203460952545e-02
8.114130730294681626e-02
8.234239838746977569e-02
8.354348069012146327e-02
8.474456012368092317e-02
8.594564314821064033e-02
8.714673659603243416e-02
8.834784775323376027e-02
8.954898406344824480e-02
9.075015310340951713e-02
9.195136259894975961e-02
9.315262017801141659e-02
9.435393339384716416e-02
9.555530971580392108e-02
9.675675652260441739e-02
9.795828110841761638e-02
9.915989095462457437e-02
1.003615934629510514e-01
1.015633960558216670e-01
1.027653062774881443e-01
1.039673316825990568e-01
1.051694797887715860e-01
1.063717585303046442e-01
1.075741757344549493e-01
1.087767396454102919e-01
1.099794588698154024e-01
1.111823423769169455e-01
1.123853994266364731e-01
1.135886395471071841e-01
1.147920725573265549e-01
1.159957084725645460e-01
1.171995571995147617e-01
1.184036288412535776e-01
1.196079332847514026e-01
1.208124803083151788e-01
1.220172794739732419e-01
1.232223402319436584e-01
1.244276718159988970e-01
1.256332833467735666e-01
1.268391840224208089e-01
1.280453829278689615e-01
1.292518890112101526e-01
1.304587112969176899e-01
1.316658586725198143e-01
1.328733398759224804e-01
1.340811635930277690e-01
1.352893383600599631e-01
1.364978726485579774e-01
1.377067748653494350e-01
1.389160533525252150e-01
1.401257163874134737e-01
1.413357721825542201e-01
1.425462289092492008e-01
1.437570947398747745e-01
1.449683778055431416e-01
1.461800862620461217e-01
1.473922282898647851e-01
1.486048122095009749e-01
1.498178463661594684e-01
1.510313392968483936e-01
1.522452996787147794e-01
1.534597363808604398e-01
1.546746584644179134e-01
1.558900751680209473e-01
1.571059959237326720e-01
1.583224303412035794e-01
1.595393882597862245e-01
1.607568796670718891e-01
1.619749147803951628e-01
1.631935040147224347e-01
1.644126579841668212e-01
1.656323874935773932e-01
1.668527035426957683e-01
1.680736174424012630e-01
1.692951406914991463e-01
1.705172850218115987e-01
1.717400624735855030e-01
1.729634852735027206e-01
1.741875658862899745e-01
1.754123169631310875e-01
1.766377513467091431e-01
1.778638820712809820e-01
1.790907223627516420e-01
1.803182856387487709e-01
1.815465855086972058e-01
1.827756357738931081e-01
1.840054504275783487e-01
1.852360436550148093e-01
1.864674299064613683e-01
1.876996238049291610e-01
1.889326400123164662e-01
1.901664934158598941e-01
1.914011990927425855e-01
1.926367721688168888e-01
1.938732279396490066e-01
1.951105819203559355e-01
1.963488498456893716e-01
1.975880476193196678e-01
1.988281913646677279e-01
2.000692973548000575e-01
2.013113820075513871e-01
2.025544618123613361e-01
2.037985533840528107e-01
2.050436733804957279e-01
2.062898384630818815e-01
2.075370652649353997e-01
2.087853704184256809e-01
2.100347704320115749e-01
2.112852817419662022e-01
2.125369206605586814e-01
2.137897033760076393e-01
2.150436459524346089e-01
2.162987643298174001e-01
2.175550742854627517e-01
2.188125913257734090e-01
2.200713307509953309e-01
2.213313075028683075e-01
2.225925361700789029e-01
2.238550309389713000e-01
2.251188056731348031e-01
2.263838738336022283e-01
2.276502486884251220e-01
2.289179431573884482e-01
2.301869699070636655e-01
2.314573413601782592e-01
2.327290696607744735e-01
2.340021666204162021e-01
2.352766437461903948e-01
2.365525121994959679e-01
2.378297828283792714e-01
2.391084661349843210e-01
2.403885723441444022e-01
2.416701113540406232e-01
2.429530928140850032e-01
2.442375260961206496e-01
2.455234203190290176e-01
2.468107843526913536e-01
2.480996268138455640e-01
2.493899560346321820e-01
2.506817800938828111e-01
2.519751067730160998e-01
2.532699435686001643e-01
2.545662976575172043e-01
2.558641759190014575e-01
2.571635849123752315e-01
2.584645308769354943e-01
2.597670197318418528e-01
2.610710570970160571e-01
2.623766482584987680e-01
2.636837982002614988e-01
2.649925116523168533e-01
2.663027933395404889e-01
2.676146477645012234e-01
2.689280794443081879e-01
2.702430929844357177e-01
2.715596930393973096e-01
2.728778843127620535e-01
2.741976715571718959e-01
2.755190595743581272e-01
2.768420532151583680e-01
2.781666573795331110e-01
2.794928770005198349e-01
2.808207170603092551e-01
2.821501825741911662e-01
2.834812785905655996e-01
2.848140101455361450e-01
2.861483823083308953e-01
2.874844001358731749e-01
2.888220686727773212e-01
2.901613929513449097e-01
2.915023779670032344e-01
2.928450288220967312e-01
2.941893505820893373e-01
2.955353482852294267e-01
2.968830270162261531e-01
2.982323918325611722e-01
2.995834477284664010e-01
3.009361995653468957e-01
3.022906522289078302e-01
3.036468105294365394e-01
3.050046792322841371e-01
3.063642631047980291e-01
3.077255669268706972e-01
3.090885954537139213e-01
3.104533534600160127e-01
3.118198457233947174e-01
3.131880770138971148e-01
3.145580521941779839e-01
3.159297761469571086e-01
3.173032538885328102e-01
3.186784904916663552e-01
3.200554910276423581e-01
3.214342606651762746e-01
3.228148045352484674e-01
3.241971277589735800e-01
3.255812353506666867e-01
3.269671323147753661e-01
3.283548235715371688e-01
3.297443139541603174e-01
3.311356082050138649e-01
3.325287109741875136e-01
3.339236267622928134e-01
3.353203598678490827e-01
3.367189144398942124e-01
3.381192943746288981e-01
3.395215033127445547e-01
3.409255446432670755e-01
3.423314215400417027e-01
3.437391369418892895e-01
3.451486935659330291e-01
3.465600939346803466e-01
3.479733403507773160e-01
3.493884349166646586e-01
3.508053795148330378e-01
3.522241758374016207e-01
3.536448253587671231e-01
3.550673293260315777e-01
3.564916888579244825e-01
3.579179048262005058e-01
3.593459780656929059e-01
3.607759092340774298e-01
3.622076989324247154e-01
3.636413477129766258e-01
3.650768560791319284e-01
3.665142244799523552e-01
3.679534533149368403e-01
3.693945429292324611e-01
3.708374936129101851e-01
3.722823055992590668e-01
3.737289790694580671e-01
3.751775141600537933e-01
3.766279109537538639e-01
3.780801694915766897e-01
3.795342897779076519e-01
3.809902717754240498e-01
3.824481154101500580e-01
3.839078205714465675e-01
3.853693871120009717e-01
3.868328148404474032e-01
3.882981035287321192e-01
3.897652529069039473e-01
3.912342626543123258e-01
3.927051324084123718e-01
3.941778617581142008e-01
3.956524502437760438e-01
3.971288973571905911e-01
3.986072025415934861e-01
4.000873651916271867e-01
4.015693846472996875e-01
4.030532601987666386e-01
4.045389910819429669e-01
4.060265764732234883e-01
4.075160154934645562e-01
4.090073072044604907e-01
4.105004506088996696e-01
4.119954446490234901e-01
4.134922882080530049e-01
4.149909801090102546e-01
4.164915191144776818e-01
4.179939039260259781e-01
4.194981331849840234e-01
4.210042054691979785e-01
4.225121192954687244e-01
4.240218731119119178e-01
4.255334653019032243e-01
4.270468941811078056e-01
4.285621579952426652e-01
4.300792549210605831e-01
4.315981830705151179e-01
4.331189404858387104e-01
4.346415251460864493e-01
4.361659349659507412e-01
4.376921677961883028e-01
4.392202214410507732e-01
4.407500936419927462e-01
4.422817820939415889e-01
4.438152844452863954e-01
4.453505982953853692e-01
4.468877211880699085e-01
4.484266506181373013e-01
4.499673840220426158e-01
4.515099187781920764e-01
4.530542522066227651e-01
4.546003816007795906e-01
4.561483041912148817e-01
4.576980171818789134e-01
4.592495177444341214e-01
4.608028030194213365e-01
4.623578701159011817e-01
4.639147160998983721e-01
4.654733380059437597e-01
4.670337328191561665e-01
4.685958975241427682e-01
4.701598291068040392e-01
4.717255245467615876e-01
4.732929808666744287e-01
4.748621951336791658e-01
4.764331644594000936e-01
4.780058859999156695e-01
4.795803569213989981e-01
4.811565744344906137e-01
4.827345357368444390e-01
4.843142380361722399e-01
4.858956785712324478e-01
4.874788545677914420e-01
4.890637632826757564e-01
4.906504020037783520e-01
4.922387682203406833e-01
4.938288593910989399e-01
4.954206731761432447e-01
4.970142072987756010e-01
4.986094596221632425e-01
5.002064280635140081e-01
5.018051105266968515e-01
5.034055049696299911e-01
5.050076093276839595e-01
5.066114215136776622e-01
5.082169394091136105e-01
5.098241608729346952e-01
5.114330837327544232e-01
5.130437057885787189e-01
5.146560248090759071e-01
5.162700385352952948e-01
5.178857446806623965e-01
5.195031409309736059e-01
5.211222249443901999e-01
5.227429943460939477e-01
5.243654467874815372e-01
5.259895798510869636e-01
5.276153911947528696e-01
5.292428784613154580e-01
5.308720393496586532e-01
5.325028715981220406e-01
5.341353730011138001e-01
5.357695414020270386e-01
5.374053747003385562e-01
5.390428708079419984e-01
5.406820276435287953e-01
5.423228431382118853e-01
5.439653152040012651e-01
5.456094417430701338e-01
5.472552206352588877e-01
5.489026497577215169e-01
5.505517269852545637e-01
5.522024501769220439e-01
5.538548171858730385e-01
5.555088258358170661e-01
5.571644739515080325e-01
5.588217593200428546e-01
5.604806797158591314e-01
5.621412328925103896e-01
5.638034165826619759e-01
5.654672284980881702e-01
5.671326663296683002e-01
5.687997276917118317e-01
5.704684101776267280e-01
5.721387112872722280e-01
5.738106284439010718e-01
5.754841589456607398e-01
5.771592999602521701e-01
5.788360485814891820e-01
5.805144017416518087e-01
5.821943562622277080e-01
5.838759088543211684e-01
5.855590561154790930e-01
5.872437945328410347e-01
5.889301204677808155e-01
5.906180301680640232e-01
5.923075197144943571e-01
5.939985850620679297e-01
5.956912220212997600e-01
5.973854262356699252e-01
5.990811932041317789e-01
6.007785182810891911e-01
6.024773967541077191e-01
6.041778237283493835e-01
6.058797942532780922e-01
6.075833032736824846e-01
6.092883455729694031e-01
6.109949158291178017e-01
6.127030085586789854e-01
6.144126181049057722e-01
6.161237386403821681e-01
6.178363641643535020e-01
6.195504885053456645e-01
6.212661053211395723e-01
6.229832080987467435e-01
6.247017901151994401e-01
6.264218444767338800e-01
6.281433640741681534e-01
6.298663415882583827e-01
6.315907694842812781e-01
6.333166399822969250e-01
6.350439450868254898e-01
6.367726767293024892e-01
6.385028265780843260e-01
6.402343862284396447e-01
6.419673471847280322e-01
6.437017008575598442e-01
6.454374385666148406e-01
6.471745515377971270e-01
6.489130309765148708e-01
6.506528679943841542e-01
6.523940536704568860e-01
6.541365790632830413e-01
6.558804352065423782e-01
6.576256131013384909e-01
6.593721036778745770e-01
6.611198978414767335e-01
6.628689864265526754e-01
6.646193601965811881e-01
6.663710098441042451e-01
6.681239260066350605e-01
6.698780993157237296e-01
6.716335204237391387e-01
6.733901799776861319e-01
6.751480687103926792e-01
6.769071774252133356e-01
6.786674969960380110e-01
6.804290183673011860e-01
6.821917325989669267e-01
6.839556308215553049e-01
6.857207042811448439e-01
6.874869443393862856e-01
6.892543424735169122e-01
6.910228902745516599e-01
6.927925794491114342e-01
6.945634018095242501e-01
6.963353492684206669e-01
6.981084138441571163e-01
6.998825876473175889e-01
7.016578628807236262e-01
7.034342318432551533e-01
7.052116869246096709e-01
7.069902206076100759e-01
7.087698254535967912e-01
7.105504941156124410e-01
7.123322193297079163e-01
7.141149939236275390e-01
7.158988108081338897e-01
7.176836629717999738e-01
7.194695435023221730e-01
7.212564455584268286e-01
7.230443623766734662e-01
7.248332872646675584e-01
7.266232135835439809e-01
7.284141347404866629e-01
7.302060441962133774e-01
7.319989354399759618e-01
7.337928019895638698e-01
7.355876373894292275e-01
7.373834352125656633e-01
7.391801890600580016e-01
7.409778925558326845e-01
7.427765393519121240e-01
7.445761231245892064e-01
7.463766375744295134e-01
7.481780764262748740e-01
7.499804334292444752e-01
7.517837023457175638e-01
7.535878769667869737e-01
7.553929510945533998e-01
7.571989185488102736e-01
7.590057731647938954e-01
7.608135087931862106e-01
7.626221193001149201e-01
7.644315985671562563e-01
7.662419404913357601e-01
7.680531389868761050e-01
7.698651879817810517e-01
7.716780814212533812e-01
7.734918132660267842e-01
7.753063774923666385e-01
7.771217680920718962e-01
7.789379790805623927e-01
7.807550044887935359e-01
7.825728383713456138e-01
7.843914748064265696e-01
7.862109078813456220e-01
7.880311317030463947e-01
7.898521403875754521e-01
7.916739280529241363e-01
7.934964888221902601e-01
7.953198168208884811e-01
7.971439061764801215e-01
7.989687510334754217e-01
8.007943455388026877e-01
8.026206838564424739e-01
8.044477601674293599e-01
8.062755686698532820e-01
8.081041035806836303e-01
8.099333591339481497e-01
8.117633295768933444e-01
8.135940091850101252e-01
8.154253922470092730e-01
8.172574730741861693e-01
8.190902460004236829e-01
8.209237053821940577e-01
8.227578455946080727e-01
8.245926610353695452e-01
8.264281461208239365e-01
8.282642952859603502e-01
8.301011029844128641e-01
8.319385636884623070e-01
8.337766718881340910e-01
8.356154220921024889e-01
8.374548088267891321e-01
8.392948266273730917e-01
8.411354700467821299e-01
8.429767336441181813e-01
8.448186120023741807e-01
8.466610997107180125e-01
8.485041913796278479e-01
8.503478816408936991e-01
8.521921651476193071e-01
8.540370365677281139e-01
8.558824905865299870e-01
8.577285219041559383e-01
8.595751252316293778e-01
8.614222953006587247e-01
8.632700268538451294e-01
8.651183146544780822e-01
8.669671534865374118e-01
8.688165382031337591e-01
8.706664636780697686e-01
8.725169248542898881e-01
8.743679167438856981e-01
8.762194344281019065e-01
8.780714730591636652e-01
8.799240278584551378e-01
8.817770941183522559e-01
8.836306672022280484e-01
8.854847425465725008e-01
8.873393156575739571e-01
8.891943821145423810e-01
8.910499375686130596e-01
8.929059777427529321e-01
8.947624984317655850e-01
8.966194955032146252e-01
8.984769648965099664e-01
9.003349026238318675e-01
9.021933047701370390e-01
9.040521674931636387e-01
9.059114870243485385e-01
9.077712596679170520e-01
9.096314818018036430e-01
9.114921498776579201e-01
9.133532604208505212e-01
9.152148100304779987e-01
9.170767953691646435e-01
9.189392131751306092e-01
9.208020602501280072e-01
9.226653334694028263e-01
9.245290297672424940e-01
9.263931461514302024e-01
9.282576797056711904e-01
9.301226275808172073e-01
9.319879870036533731e-01
9.338537552769026195e-01
9.357199297792317960e-01
9.375865079687738524e-01
9.394534873804444297e-01
9.413208656286357057e-01
9.431886404080557229e-01
9.450568094937340513e-01
9.469253707316201973e-01
9.487943220479914119e-01
9.506636614400545415e-01
9.525333869759506911e-01
9.544034967947601089e-01
9.562739891065075160e-01
9.581448621859455228e-01
9.600161143787768747e-01
9.618877440904337606e-01
9.637597497910870281e-01
9.656321300106454064e-01
9.675048833612927002e-01
9.693780085149542591e-01
9.712515042258418330e-01
9.731253693304584562e-01
9.749996027396335974e-01
9.768742034499712235e-01
9.787491705324113944e-01
9.806245031357092579e-01
9.825002004691019142e-01
9.843762618196466585e-01
9.862526865348909544e-01
9.881294740228762086e-01
9.900066237384952395e-01
9.918841352120267851e-01
9.937620080206066575e-01
9.956402418031202739e-01
9.975188362602069869e-01
9.993977911542631931e-01
1.001277106309447218e+00
1.003156781611682868e+00
1.005036817008663208e+00
1.006917212509854886e+00
1.008797968186501581e+00
1.010679084171627551e+00
1.012560560656090347e+00
1.014442397892533876e+00
1.016324596191441998e+00
1.018207155933342545e+00
1.020090077556606190e+00
1.021973361569656902e+00
1.023857008550974834e+00
1.025741019149101430e+00
1.027625394082643195e+00
1.029510134140276589e+00
1.031395240180751793e+00
1.033280713132896933e+00
1.035166553998088101e+00
1.037052763842126746e+00
1.038939343803366944e+00
1.040826295087065700e+00
1.042713618932437747e+00
1.044601316645605182e+00
1.046489389566651607e+00
1.048377839069623896e+00
1.050266666562534423e+00
1.052155873487363280e+00
1.054045461320059829e+00
1.055935431541606961e+00
1.057825785666959284e+00
1.059716525225040451e+00
1.061607651749807424e+00
1.063499166789187766e+00
1.065391071893488029e+00
1.067283368631442686e+00
1.069176058574166088e+00
1.071069143299610005e+00
1.072962624392563402e+00
1.074856503444653111e+00
1.076750782045047927e+00
1.078645461789755400e+00
1.080540544275873316e+00
1.082436031098042095e+00
1.084331923838802281e+00
1.086228224081786209e+00
1.088124933400730798e+00
1.090022053357271981e+00
1.091919585503149825e+00
1.093817531380207653e+00
1.095715892520392254e+00
1.097614670445751672e+00
1.099513866668437645e+00
1.101413482690701606e+00
1.103313520004897574e+00
1.105213980093478598e+00
1.107114864428998313e+00
1.109016174474110050e+00
1.110917911681565062e+00
1.112820077494213189e+00
1.114722673350615922e+00
1.116625700679432676e+00
1.118529160905034736e+00
1.120433055450195781e+00
1.122337385733401360e+00
1.124242153179052961e+00
1.126147359209954457e+00
1.128053005254826102e+00
1.129959092748305416e+00
1.131865623130946519e+00
1.133772597850427166e+00
1.135680018360342158e+00
1.137587886121410818e+00
1.139496202601476327e+00
1.141404969275506831e+00
1.143314187625595446e+00
1.145223859140960254e+00
1.147133985317945415e+00
1.149044567660020499e+00
1.150955607677781600e+00
1.152867106888951332e+00
1.154779066818379274e+00
1.156691488998042638e+00
1.158604374965197303e+00
1.160517726264227223e+00
1.162431544444796128e+00
1.164345831061847525e+00
1.166260587675604476e+00
1.168175815851570709e+00
1.170091517160529726e+00
1.172007693178546806e+00
1.173924345486967669e+00
1.175841475672418923e+00
1.177759085326809396e+00
1.179677176047328357e+00
1.181595749436448184e+00
1.183514807101922806e+00
1.185434350656788816e+00
1.187354381719365248e+00
1.189274901913253135e+00
1.191195912856261030e+00
1.193117416171480372e+00
1.195039413476208345e+00
1.196961906381948770e+00
1.198884896494411212e+00
1.200808385413510537e+00
1.202732374733366916e+00
1.204656866042306040e+00
1.206581860930228567e+00
1.208507360981241341e+00
1.210433367781025948e+00
1.212359882916840936e+00
1.214286907977520480e+00
1.216214444553578522e+00
1.218142494237104412e+00
1.220071058627053118e+00
1.222000139324059154e+00
1.223929737935622208e+00
1.225859856076108700e+00
1.227790495366751333e+00
1.229721657435649096e+00
1.231653343917768151e+00
1.233585556414787954e+00
1.235518296535255356e+00
1.237451565854428726e+00
1.239385365914276615e+00
1.241319698223476653e+00
1.243254564257414874e+00
1.245189965458184389e+00
1.247125903234583610e+00
1.249062378962116027e+00
1.250999393982988428e+00
1.252936949606110018e+00
1.254875047107091746e+00
1.256813687728244977e+00
1.258752872678579715e+00
1.260692603133805045e+00
1.262632880236326915e+00
1.264573705095247025e+00
1.266515078786361936e+00
1.268457002352162633e+00
1.270399476801833627e+00
1.272342503111250966e+00
1.274286082222982230e+00
1.276230215056198380e+00
1.278174902480642805e+00
1.280120145336757220e+00
1.282065944425466952e+00
1.284012300502276549e+00
1.285959214277268448e+00
1.287906686415100532e+00
1.289854717535007245e+00
1.291803308210795809e+00
1.293752458970846675e+00
1.295702170298111300e+00
1.297652442630111924e+00
1.299603276358939574e+00
1.301554671844681765e+00
1.303506629401993688e+00
1.305459149313524803e+00
1.307412231829919280e+00
1.309365877169814230e+00
1.311320085519839251e+00
1.313274857034615772e+00
1.315230191853454134e+00
1.317186090083656058e+00
1.319142551817211961e+00
1.321099577130800062e+00
1.323057166085203518e+00
1.325015318725893287e+00
1.326974035082444159e+00
1.328933315168534968e+00
1.330893158981947488e+00
1.332853566504566212e+00
1.334814537702377679e+00
1.336776072525470926e+00
1.338738170908036373e+00
1.340700832768366491e+00
1.342664058008854466e+00
1.344627846521820880e+00
1.346592198183687250e+00
1.348557112860801599e+00
1.350522590409439116e+00
1.352488630675801495e+00
1.354455233496016486e+00
1.356422398696138121e+00
1.358390126092146488e+00
1.360358415489947292e+00
1.362327266685372074e+00
1.364296679464177542e+00
1.366266653602045578e+00
1.368237188864583675e+00
1.370208285007323168e+00
1.372179941775721002e+00
1.374152158914990540e+00
1.376124936160268764e+00
1.378098273246449734e+00
1.380072169913364677e+00
1.382046625900601011e+00
1.384021640952684207e+00
1.385997214819078227e+00
1.387973347254735756e+00
1.389950038019547751e+00
1.391927286878894998e+00
1.393905093603647227e+00
1.395883457970164443e+00
1.397862379760295592e+00
1.399841858761380120e+00
1.401821894766246190e+00
1.403802487573212687e+00
1.405783636986087437e+00
1.407765342814168985e+00
1.409747604876010918e+00
1.411730422995657541e+00
1.413713797006408868e+00
1.415697726750820840e+00
1.417682212074744097e+00
1.419667252833284765e+00
1.421652848884844333e+00
1.423639000091118767e+00
1.425625706317098285e+00
1.427612967431068913e+00
1.429600783304610490e+00
1.431589153812598658e+00
1.433578078836711844e+00
1.435567558261923171e+00
1.437557591980009875e+00
1.439548179889552415e+00
1.441539321895935588e+00
1.443531017911346526e+00
1.445523267854777361e+00
1.447516071652023451e+00
1.449509429235683822e+00
1.451503340544417098e+00
1.453497805523685571e+00
1.455492824125011575e+00
1.457488396305976375e+00
1.459484522030221276e+00
1.461481201267446739e+00
1.463478433993413930e+00
1.465476220189942946e+00
1.467474559844914372e+00
1.469473452952268611e+00
1.471472899505945620e+00
