1.027793938555270209e-01
1.044684110757208573e-01
1.061573552005064536e-01
1.078461048162541458e-01
1.095344700029683704e-01
1.112222529205101895e-01
1.129092289941047988e-01
1.145951721010827623e-01
1.162798652723147780e-01
1.179631088588430354e-01
1.196447083492230001e-01
1.213244808776205441e-01
1.230022502950437607e-01
1.246778495792746910e-01
1.263511196505664458e-01
1.280219093448758672e-01
1.296900784076472357e-01
1.313554971093781332e-01
1.330180443361045628e-01
1.346776089374998875e-01
1.363340909665189671e-01
1.379873999148764907e-01
1.396374553778739758e-01
1.412841873527146408e-01
1.429275366822884141e-01
1.445674511727236822e-01
1.462038837705607330e-01
1.478367946144563128e-01
1.494661460979704315e-01
1.510919034667471128e-01
1.527140332761447172e-01
1.543325040910683843e-01
1.559472850930760102e-01
1.575583458195251030e-01
1.591656566791635752e-01
1.607691886292217376e-01
1.623689131502011052e-01
1.639648042738321987e-01
1.655568379530803491e-01
1.671449931920712395e-01
1.687292521167115811e-01
1.703096004565737842e-01
1.718860276371634299e-01
1.734585260779855087e-01
1.750270915731107491e-01
1.765917232929071767e-01
1.781524228007959898e-01
1.797091944520673723e-01
1.812620456224597887e-01
1.828109850565879102e-01
1.843560235840227546e-01
1.858971737668858037e-01
1.874344491463751927e-01
1.889678645169070859e-01
1.904974358265740242e-01
1.920231799497732483e-01
1.935451149863305631e-01
1.950632603880567695e-01
1.965776364178403457e-01
1.980882646494082355e-01
1.995951676766225258e-01
2.010983691444412635e-01
2.025978938058131951e-01
2.040937672783895152e-01
2.055860159300634260e-01
2.070746667592847645e-01
2.085597475241351972e-01
2.100412864937653279e-01
2.115193123374403128e-01
2.129938543111007387e-01
2.144649420329510781e-01
2.159326055052083193e-01
2.173968750846558828e-01
2.188577812439004011e-01
2.203153546821284836e-01
2.217696262785975037e-01
2.232206270227576062e-01
2.246683886977478561e-01
2.261129428917797723e-01
2.275543218765252729e-01
2.289925583661425457e-01
2.304276855354288334e-01
2.318597369683046139e-01
2.332887466834809020e-01
2.347147491681526033e-01
2.361377793686144366e-01
2.375578726218579850e-01
2.389750646809307988e-01
2.403893915840786266e-01
2.418008897077873198e-01
2.432095957780621986e-01
2.446155468062728433e-01
2.460187801535091423e-01
2.474193335306826003e-01
2.488172449986279233e-01
2.502125529682054372e-01
2.516052963349409977e-01
2.529955143445772325e-01
2.543832467380275908e-01
2.557685337037060580e-01
2.571514159139440259e-01
2.585319345348840447e-01
2.599101311793942659e-01
2.612860480151300013e-01
2.626597277514951534e-01
2.640312136246889541e-01
2.654005495679624405e-01
2.667677801006176352e-01
2.681329505082356568e-01
2.694961066655352511e-01
2.708572952139448042e-01
2.722165634811824497e-01
2.735739594803313079e-01
2.749295316417331714e-01
2.762833290443474366e-01
2.776354011951880363e-01
2.789857979720133385e-01
2.803345695090827538e-01
2.816817662949545054e-01
2.830274391144073642e-01
2.843716389914509035e-01
2.857144171677707956e-01
2.870558251730557786e-01
2.883959147554280289e-01
2.897347379007148560e-01
2.910723467667338249e-01
2.924087935906038993e-01
2.937441307214488373e-01
2.950784107158215264e-01
2.964116861200972175e-01
2.977440097257932905e-01
2.990754345243482049e-01
3.004060137896933935e-01
3.017358012933722966e-01
3.030648511605639195e-01
3.043932180263785869e-01
3.057209571722327990e-01
3.070481244490033124e-01
3.083747763886751092e-01
3.097009700522021514e-01
3.110267630880292344e-01
3.123522136803805194e-01
3.136773804226511420e-01
3.150023222122238509e-01
3.163270984107895978e-01
3.176517686391832629e-01
3.189763928162305251e-01
3.203010311861311799e-01
3.216257442911931719e-01
3.229505924240322901e-01
3.242756360121560877e-01
3.256009351847761191e-01
3.269265496746954214e-01
3.282525387432511099e-01
3.295789610835376249e-01
3.309058748440164011e-01
3.322333375702276048e-01
3.335614060571895911e-01
3.348901364976030748e-01
3.362195843456164956e-01
3.375498043667728432e-01
3.388808504667918942e-01
3.402127757185920975e-01
3.415456324281023193e-01
3.428794718620895021e-01
3.442143442758814342e-01
3.455502991981228011e-01
3.468873850118839863e-01
3.482256491417085043e-01
3.495651381217065312e-01
3.509058974952977694e-01
3.522479719277442634e-01
3.535914051310476980e-01
3.549362401430857794e-01
3.562825192205991143e-01
3.576302840090542778e-01
3.589795756839963548e-01
3.603304348253811851e-01
3.616829016056776758e-01
3.630370158229042632e-01
3.643928169352781410e-01
3.657503439706942250e-01
3.671096354322883615e-01
3.684707296201692461e-01
3.698336642174384070e-01
3.711984764925416735e-01
3.725652032808474678e-01
3.739338810054593232e-01
3.753045456509380706e-01
3.766772328140275961e-01
3.780519778067488734e-01
3.794288154109619060e-01
3.808077800251805645e-01
3.821889055699095872e-01
3.835722254010713317e-01
3.849577722805127555e-01
3.863455784312246344e-01
3.877356753331236972e-01
3.891280939515171511e-01
3.905228646340611065e-01
3.919200171291450374e-01
3.933195805871806949e-01
3.947215836380498777e-01
3.961260543776907173e-01
3.975330202581072170e-01
3.989425081932569395e-01
4.003545445605816155e-01
4.017691551147365425e-01
4.031863650245465225e-01
4.046061988560881728e-01
4.060286806128581838e-01
4.074538335584189652e-01
4.088816803889018248e-01
4.103122430288537181e-01
4.117455427965798220e-01
4.131816003126972392e-01
4.146204353967324341e-01
4.160620673118321511e-01
4.175065145507320663e-01
4.189537949407645678e-01
4.204039254826623662e-01
4.218569225749490004e-01
4.233128017646801688e-01
4.247715778435141587e-01
4.262332648947552705e-01
4.276978762261668399e-01
4.291654244038223820e-01
4.306359212737236875e-01
4.321093779452935824e-01
4.335858048263653841e-01
4.350652116611967712e-01
4.365476074897324810e-01
4.380330006498127093e-01
4.395213988945709804e-01
4.410128094121312792e-01
4.425072388017049496e-01
4.440046931122714757e-01
4.455051778455710876e-01
4.470086979570315755e-01
4.485152577919143124e-01
4.500248611103148666e-01
4.515375109712737034e-01
4.530532097792038249e-01
4.545719592024212719e-01
4.560937602048594774e-01
4.576186130214476289e-01
4.591465171633712927e-01
4.606774715043871482e-01
4.622114741543873473e-01
4.637485225906313735e-01
4.652886135813107393e-01
4.668317431836125353e-01
4.683779066570242788e-01
4.699270985053581873e-01
4.714793123867885294e-01
4.730345411530412214e-01
4.745927768199434404e-01
4.761540104978118082e-01
4.777182323781737905e-01
4.792854317925413499e-01
4.808555970866676410e-01
4.824287157129810710e-01
4.840047741421787397e-01
4.855837580403094544e-01
4.871656521954847996e-01
4.887504406624731956e-01
4.903381067165473728e-01
4.919286329462382867e-01
4.935220013097859071e-01
4.951181931438057848e-01
4.967171893069138311e-01
4.983189701430345564e-01
4.999235156043376205e-01
5.015308053293913160e-01
5.031408186002507277e-01
5.047535344686070458e-01
5.063689317423879510e-01
5.079869890119249609e-01
5.096076847746129346e-01
5.112309973669727503e-01
5.128569050975336774e-01
5.144853860146427760e-01
5.161164181386599381e-01
5.177499793631542557e-01
5.193860473778032505e-01
5.210245997475594359e-01
5.226656140189902544e-01
5.243090676572319531e-01
5.259549380841699318e-01
5.276032027213092279e-01
5.292538389551542100e-01
5.309068241198549032e-01
5.325621354625184045e-01
5.342197501497581991e-01
5.358796452361103135e-01
5.375417976325149727e-01
5.392061841322850491e-01
5.408727814308973425e-01
5.425415661095615016e-01
5.442125147270585606e-01
5.458856037549735252e-01
5.475608097128137342e-01
5.492381091037591423e-01
5.509174785412633835e-01
5.525988946881618125e-01
5.542823343450685725e-01
5.559677744432318658e-01
5.576551920846701815e-01
5.593445645593478899e-01
5.610358693189728685e-01
5.627290840173667652e-01
5.644241864920109819e-01
5.661211547735160998e-01
5.678199670938118837e-01
5.695206017696591294e-01
5.712230373507669601e-01
5.729272524778994402e-01
5.746332258446120722e-01
5.763409362671638725e-01
5.780503625875395013e-01
5.797614836952911244e-01
5.814742785044297868e-01
5.831887259454741068e-01
5.849048049750500411e-01
5.866224945475916330e-01
5.883417736898504113e-01
5.900626214259636626e-01
5.917850168349663154e-01
5.935089390574870283e-01
5.952343673095238374e-01
5.969612808604699561e-01
5.986896590638338678e-01
6.004194813490528748e-01
6.021507272150583567e-01
6.038833762265819471e-01
6.056174080178678976e-01
6.073528022101374324e-01
6.090895384839924986e-01
6.108275965011791264e-01
6.125669559104158779e-01
6.143075963178840082e-01
6.160494972953202142e-01
6.177926384466239096e-01
6.195369993397626951e-01
6.212825595694945191e-01
6.230292988021837175e-01
6.247771968398067033e-01
6.265262335761578871e-01
6.282763890734962553e-01
6.300276435726033242e-01
6.317799775172175947e-01
6.335333715206947769e-01
6.352878063986462376e-01
6.370432631488680553e-01
6.387997229443269642e-01
6.405571671428564873e-01
6.423155772731896640e-01
6.440749350599507261e-01
6.458352224650919515e-01
6.475964217057939010e-01
6.493585152657502801e-01
6.511214859469992566e-01
6.528853168699629839e-01
6.546499914063089731e-01
6.564154932568773138e-01
6.581818063172395483e-01
6.599489147579999937e-01
6.617168028824182979e-01
6.634854552482662982e-01
6.652548565541901437e-01
6.670249916805248702e-01
6.687958456858691392e-01
6.705674038274457294e-01
6.723396515407745744e-01
6.741125743985978414e-01
6.758861581723613066e-01
6.776603887589633946e-01
6.794352521913218368e-01
6.812107346266308427e-01
6.829868223506995184e-01
6.847635017889730502e-01
6.865407595268075980e-01
6.883185822935408149e-01
6.900969569938031345e-01
6.918758707564905963e-01
6.936553108858271033e-01
6.954352648882670129e-01
6.972157205177875738e-01
6.989966657434034669e-01
7.007780887595974617e-01
7.025599779991814620e-01
7.043423221192836037e-01
7.061251100395659064e-01
7.079083308682110331e-01
7.096919739423268592e-01
7.114760288465137306e-01
7.132604853584849636e-01
7.150453334839140807e-01
7.168305634564601236e-01
7.186161657377938550e-01
7.204021310186918825e-01
7.221884502179678478e-01
7.239751144932476956e-01
7.257621152313245005e-01
7.275494440677887642e-01
7.293370928787233920e-01
7.311250537890482404e-01
7.329133191847045925e-01
7.347018817008523772e-01
7.364907342307689397e-01
7.382798699274715215e-01
7.400692821712251401e-01
7.418589645880306893e-01
7.436489110311459427e-01
7.454391155351952625e-01
7.472295723764453834e-01
7.490202760194824005e-01
7.508112211399090574e-01
7.526024026089050967e-01
7.543938155070212259e-01
7.561854551227523702e-01
7.579773169357175711e-01
7.597693966329557291e-01
7.615616900977814074e-01
7.633541934119052463e-01
7.651469028614397150e-01
7.669398149046857682e-01
7.687329261680823089e-01
7.705262334258108359e-01
7.723197335839637745e-01
7.741134236410136538e-01
7.759073007028676194e-01
7.777013619547914480e-01
7.794956046629628599e-01
7.812900261848431116e-01
7.830846239588131752e-01
7.848793955161079694e-01
7.866743385116481413e-01
7.884694506932208302e-01
7.902647299095966194e-01
7.920601741295987264e-01
7.938557814064780560e-01
7.956515498507166217e-01
7.974474776535898091e-01
7.992435630470495767e-01
8.010398043173596605e-01
8.028361997914653658e-01
8.046327478324972748e-01
8.064294468678144812e-01
8.082262953680471318e-01
8.100232918499166157e-01
8.118204348833327755e-01
8.136177230746817202e-01
8.154151550835453399e-01
8.172127296059892299e-01
8.190104453745671309e-01
8.208083011626678971e-01
8.226062957742614756e-01
8.244044280367511801e-01
8.262026968212417000e-01
8.280011010163605967e-01
8.297996395787472501e-01
8.315983114913498842e-01
8.333971158111916910e-01
8.351960516686154357e-01
8.369951182639190357e-01
8.387943148677279304e-01
8.405936408259440107e-01
8.423930955506895302e-01
8.441926785203144323e-01
8.459923892794024569e-01
8.477922274387783563e-01
8.495921926811155211e-01
8.513922847553375695e-01
8.531925034996187263e-01
8.549928488195578380e-01
8.567933207100210113e-01
8.585939192372440409e-01
8.603946445570906931e-01
8.621954969282280556e-01
8.639964766854845157e-01
8.657975842727670956e-01
8.675988202416264894e-01
8.694001852537832642e-01
8.712016800974609065e-01
8.730033056642448885e-01
8.748050629733097328e-01
8.766069531579954166e-01
8.784089774615125856e-01
8.802111372412591006e-01
8.820134339578952209e-01
8.838158691541337930e-01
8.856184444759610530e-01
8.874211616170084582e-01
8.892240223529769283e-01
8.910270285034558313e-01
8.928301819405188855e-01
8.946334845843844086e-01
8.964369383940243852e-01
8.982405453813995244e-01
9.000443076014883470e-01
9.018482271662159322e-01
9.036523062228832837e-01
9.054565469757445140e-01
9.072609516783672889e-01
9.090655226336370465e-01
9.108702621937625477e-01
9.126751727602800957e-01
9.144802567840586427e-01
9.162855167653048971e-01
9.180909552610395652e-01
9.198965748749152738e-01
9.217023782674063082e-01
9.235083681531059963e-01
9.253145473007317046e-01
9.271209185443985978e-01
9.289274847723525408e-01
9.307342489382499640e-01
9.325412140611638590e-01
9.343483832394353650e-01
9.361557596368312861e-01
9.379633464844763235e-01
9.397711470927858635e-01
9.415791648482907394e-01
9.433874032048923386e-01
9.451958656791200619e-01
9.470045558474635694e-01
9.488134773474609096e-01
9.506226338612062676e-01
9.524320291156725959e-01
9.542416668749428288e-01
9.560515509451372740e-01
9.578616851976425872e-01
9.596720735396920832e-01
9.614827199428342963e-01
9.632936284426365514e-01
9.651048031386904036e-01
9.669162481946184107e-01
9.687279678380797954e-01
9.705399663607766625e-01
9.723522481184601052e-01
9.741648175268392551e-01
9.759776790656834455e-01
9.777908372475231369e-01
9.796042966564583176e-01
9.814180619093521019e-01
9.832321376674368896e-01
9.850465286363192519e-01
9.868612395578315599e-01
9.886762752117314035e-01
9.904916404054906476e-01
9.923073399845498965e-01
9.941233788122784132e-01
9.959397617868644970e-01
9.977564938157575947e-01
9.995735798378956316e-01
1.001391024806847829e+00
1.003208833701046521e+00
1.005027011513556223e+00
1.006845563250912567e+00
1.008664493944518403e+00
1.010483808621177149e+00
1.012303512310092302e+00
1.014123610035869039e+00
1.015944106807435299e+00
1.017765007618041562e+00
1.019586317447126245e+00
1.021408041241174569e+00
1.023230183926226777e+00
1.025052750397232870e+00
1.026875745512011662e+00
1.028699174129141580e+00
1.030523041068188039e+00
1.032347351150072035e+00
1.034172109198908451e+00
1.035997320038287928e+00
1.037822988494995435e+00
1.039649119399010280e+00
1.041475717574159576e+00
1.043302787847464552e+00
1.045130335039793579e+00
1.046958363965860617e+00
1.048786879434225217e+00
1.050615886225091833e+00
1.052445389112508733e+00
1.054275392842164871e+00
1.056105902131384777e+00
1.057936921653245710e+00
1.059768456052456509e+00
1.061600509934488290e+00
1.063433087860556014e+00
1.065266194352630258e+00
1.067099833893433880e+00
1.068934010926438472e+00
1.070768729855861467e+00
1.072603995046662817e+00
1.074439810824541430e+00
1.076276181475932958e+00
1.078113111248004463e+00
1.079950604348653753e+00
1.081788664946504497e+00
1.083627297170903336e+00
1.085466505111917446e+00
1.087306292820330755e+00
1.089146664307640622e+00
1.090987623546055385e+00
1.092829174468490372e+00
1.094671320968565897e+00
1.096514066900602380e+00
1.098357416079619453e+00
1.100201372281330858e+00
1.102045939222304538e+00
1.103891120579799434e+00
1.105736919971919141e+00
1.107583340957606799e+00
1.109430387036641985e+00
1.111278061649634719e+00
1.113126368178022130e+00
1.114975309944062687e+00
1.116824890213665711e+00
1.118675112193554089e+00
1.120525979034092678e+00
1.122377493829283868e+00
1.124229659616763577e+00
1.126082479377796375e+00
1.127935956037272147e+00
1.129790092463701878e+00
1.131644891469212544e+00
1.133500355809544446e+00
1.135356488184045887e+00
1.137213291235670054e+00
1.139070767550970142e+00
1.140928919660095797e+00
1.142787750036789118e+00
1.144647261098380220e+00
1.146507455205784343e+00
1.148368334663496304e+00
1.150229901719588055e+00
1.152092158565704016e+00
1.153955107337057084e+00
1.155818750112425519e+00
1.157683088914148284e+00
1.159548125708121935e+00
1.161413862403795960e+00
1.163280300854169669e+00
1.165147442855788196e+00
1.167015290148738504e+00
1.168883844416646278e+00
1.170753107286671479e+00
1.172623080329505019e+00
1.174493765059364758e+00
1.176365162933992625e+00
1.178237275354649949e+00
1.180110103666114352e+00
1.181983649156676197e+00
1.183857913058135258e+00
1.185732896545796500e+00
1.187608600738466968e+00
1.189485026698452463e+00
1.191362175431553316e+00
1.193240047887061950e+00
1.195118644957758436e+00
1.196997967463992563e+00
1.198878016169596439e+00
1.200758791765963673e+00
1.202640294872043825e+00
1.204522526034337959e+00
1.206405485726895987e+00
1.208289174351310447e+00
1.210173592236713613e+00
1.212058739639772842e+00
1.213944616744686789e+00
1.215831223663180083e+00
1.217718560434500663e+00
1.219606627025414669e+00
1.221495423330203112e+00
1.223384949170656766e+00
1.225275204296073284e+00
1.227166188383252754e+00
1.229057901036493705e+00
1.230950341787589108e+00
1.232843510095822825e+00
1.234737405366338692e+00
1.236632026931767214e+00
1.238527374070593323e+00
1.240423446007154373e+00
1.242320241911636147e+00
1.244217760900071523e+00
1.246116002034336478e+00
1.248014964322148534e+00
1.249914646717062094e+00
1.251815048118468221e+00
1.253716167371589085e+00
1.255618003267478189e+00
1.257520554543014812e+00
1.259423819880904238e+00
1.261327797909673087e+00
1.263232487203666876e+00
1.265137886283048463e+00
1.267043993613794939e+00
1.268950807607694520e+00
1.270858326625220691e+00
1.272766548972654288e+00
1.274675472904956752e+00
1.276585096625766802e+00
1.278495418302685094e+00
1.280406436051987340e+00
1.282318147953908083e+00
1.284230552066588427e+00
1.286143646412125419e+00
1.288057428990520670e+00
1.289971897779679244e+00
1.291887050735409659e+00
1.293802885791421664e+00
1.295719400859326909e+00
1.297636593828636276e+00
1.299554462566760105e+00
1.301473004919007082e+00
1.303392218712713602e+00
1.305312101753112630e+00
1.307232651827463288e+00
1.309153866705050628e+00
1.311075744137184751e+00
1.312998281857199467e+00
1.314921477580452303e+00
1.316845329004323606e+00
1.318769833808216108e+00
1.320694989653554030e+00
1.322620794183781978e+00
1.324547245024365161e+00
1.326474339782788059e+00
1.328402076048553759e+00
1.330330451393183511e+00
1.332259463370216279e+00
1.334189109515207416e+00
1.336119387345728882e+00
1.338050294361367687e+00
1.339981828043726342e+00
1.341913985856421299e+00
1.343846765245082953e+00
1.345780163637354532e+00
1.347714178442891875e+00
1.349648807053362543e+00
1.351584046842446041e+00
1.353519895165831377e+00
1.355456349361218837e+00
1.357393406748317322e+00
1.359331064628845231e+00
1.361269320286529139e+00
1.363208170987103562e+00
1.365147613978310748e+00
1.367087646489898889e+00
1.369028265733622796e+00
1.370969468912784262e+00
1.372911253212689697e+00
1.374853615810192498e+00
1.376796553873691709e+00
1.378740064563132695e+00
1.380684145030006693e+00
1.382628792417349706e+00
1.384574003859743385e+00
1.386519776483314370e+00
1.388466107405733840e+00
1.390412993736217739e+00
1.392360432575525664e+00
1.394308421015961308e+00
1.396256956141372907e+00
1.398206035027151017e+00
1.400155654740230293e+00
1.402105812339088375e+00
1.404056504873745670e+00
1.406007729385764682e+00
1.407959482908251347e+00
1.409911762465852592e+00
1.411864565074758326e+00
1.413817887742699897e+00
1.415771727468950303e+00
1.417726081244323977e+00
1.419680946051177006e+00
1.421636318863406245e+00
1.423592196646449537e+00
1.425548576357285269e+00
1.427505454944432373e+00
1.429462829347950326e+00
1.431420696499438705e+00
1.433379053322036745e+00
1.435337896730424223e+00
1.437297223630819465e+00
1.439257030920981562e+00
1.441217315490207485e+00
1.443178074219334528e+00
1.445139303980737644e+00
1.447101001638331219e+00
1.449063164047568186e+00
1.451025788055439358e+00
1.452988870500474095e+00
1.454952408212740078e+00
1.456916398013841984e+00
1.458880836716923257e+00
1.460845721126664332e+00
1.462811048039283301e+00
1.464776814242535030e+00
1.466743016515712483e+00
1.468709651629644730e+00
1.470676716346698276e+00
1.472644207419166351e+00
1.474612121604626402e+00
1.476580455650582824e+00
1.478549206308215069e+00
1.480518370332377431e+00
1.482487944481598818e+00
1.484457925518083865e+00
1.486428310207711823e+00
1.488399095320037890e+00
1.490370277628291662e+00
1.492341853909378679e+00
1.494313820943879545e+00
1.496286175516050587e+00
1.498258914413822973e+00
1.500232034428803818e+00
1.502205532356275963e+00
1.504179404995197533e+00
1.506153649148202600e+00
1.508128261621600741e+00
1.510103239225378147e+00
1.512078578773195847e+00
1.514054277082391486e+00
1.516030330973978657e+00
1.518006737272646456e+00
1.519983492806760594e+00
1.521960594408363177e+00
1.523938038913171589e+00
1.525915823160580054e+00
1.527893943993658299e+00
1.529872398265556210e+00
1.531851182833099623e+00
1.533830294563735430e+00
1.535809730340093937e+00
1.537789487055427395e+00
1.539769561618712812e+00
1.541749950956512016e+00
1.543730652011112259e+00
1.545711661742385168e+00
1.547692977127787861e+00
1.549674595162362278e+00
1.551656512858736070e+00
1.553638727247121709e+00
1.555621235381171807e+00
1.557604034332124021e+00
1.559587121194656367e+00
1.561570493086886779e+00
1.563554147150373330e+00
1.565538080549357502e+00
1.567522290471521362e+00
1.569506774127230386e+00
1.571491528749534350e+00
1.573476551587483341e+00
1.575461839912811746e+00
1.577447391013533817e+00
1.579433202193665453e+00
1.581419270773501529e+00
1.583405594089617896e+00
1.585392169494870274e+00
1.587378994358395135e+00
1.589366066065609262e+00
1.591353382018209972e+00
1.593340939634175113e+00
1.595328736347763954e+00
1.597316769609516074e+00
1.599305036886252473e+00
1.601293535661075129e+00
1.603282263433367660e+00
1.605271217718794885e+00
1.607260396047595519e+00
1.609249795966290586e+00
1.611239415035974565e+00
1.613229250832317163e+00
1.615219300945562209e+00
1.617209562980528093e+00
1.619200034556608214e+00
1.621190713307770315e+00
1.623181596882557365e+00
1.625172682944086899e+00
1.627163969170051683e+00
1.629155453250413554e+00
1.631147132889708917e+00
1.633139005804744359e+00
1.635131069724594433e+00
1.637123322390604097e+00
1.639115761556386941e+00
1.641108384987826518e+00
1.643101190463075012e+00
1.645094175772555234e+00
1.647087338718958627e+00
1.649080677117246596e+00
1.651074188794650732e+00
1.653067871590671256e+00
1.655061723357079240e+00
1.657055741957914829e+00
1.659049925269488801e+00
1.661044271180381227e+00
1.663038777591442585e+00
1.665033442415793097e+00
1.667028263578823166e+00
1.669023239018192495e+00
1.671018366683831857e+00
1.673013644537941103e+00
1.675009070554990931e+00
1.677004642721722227e+00
1.679000359037145396e+00
1.680996217512542135e+00
1.682992216171463440e+00
1.684988353049731380e+00
1.686984626195437542e+00
1.688981033668944365e+00
1.690977573542884471e+00
1.692974243902160669e+00
1.694971042843946618e+00
1.696967968477685718e+00
1.698965018925092663e+00
1.700962192320152111e+00
1.702959486809119571e+00
1.704956900550520293e+00
1.706954431715150600e+00
1.708952078486077442e+00
1.710949839058638178e+00
1.712947711640440573e+00
1.714945694451363023e+00
1.716943785723554994e+00
1.718941983701436138e+00
1.720940286641696515e+00
1.722938692813297701e+00
1.724937200497471457e+00
1.726935807987720173e+00
1.728934513589817312e+00
1.730933315620282631e+00
1.732932212407907402e+00
1.734931202297444131e+00
1.736930283644392281e+00
1.738929454820213438e+00
1.740928714212331307e+00
1.742928060224131048e+00
1.744927491274959941e+00
1.746927005800127830e+00
1.748926602250905349e+00
1.750926279094526139e+00
1.752926034814185519e+00
1.754925867909040260e+00
1.756925776894209701e+00
1.758925760300774632e+00
1.760925816675778188e+00
1.762925944582225624e+00
1.764926142599083647e+00
1.766926409321281755e+00
1.768926743359710896e+00
1.770927143341224586e+00
1.772927607908638237e+00
1.774928135720729605e+00
1.776928725452237678e+00
1.778929375793864454e+00
1.780930085452273381e+00
1.782930853150090700e+00
1.784931677625904101e+00
1.786932557631253360e+00
1.788933491933641262e+00
1.790934479313522898e+00
1.792935518564305220e+00
1.794936608492348373e+00
1.796937747916964589e+00
1.798938935670418182e+00
1.800940170597927104e+00
1.802941451557660724e+00
1.804942777420741828e+00
1.806944147071245066e+00
1.808945559406197612e+00
1.810947013335578948e+00
1.812948507782321084e+00
1.814950041682308557e+00
1.816951613984378433e+00
1.818953223650320306e+00
1.820954869654876074e+00
1.822956550985740165e+00
1.824958266643559535e+00
1.826960015641933888e+00
1.828961797007414791e+00
1.830963609779506784e+00
1.832965453010666268e+00
1.834967325766303059e+00
1.836969227124778392e+00
1.838971156177406030e+00
1.840973112028452929e+00
1.842975093795137242e+00
1.844977100607630316e+00
1.846979131609055358e+00
1.848981185953101347e+00
1.850983262806408902e+00
1.852985361346184634e+00
1.854987480760200258e+00
1.856989620246793260e+00
1.858991779014866230e+00
1.860993956283887085e+00
1.862996151283889290e+00
1.864998363255471192e+00
1.867000591449797575e+00
1.869002835128596995e+00
1.871005093564165334e+00
1.873007366039361798e+00
1.875009651847612480e+00
1.877011950292907905e+00
1.879014260689805038e+00
1.881016582363424616e+00
1.883018914649454922e+00
1.885021256894147346e+00
1.887023608454320378e+00
1.889025968697356506e+00
1.891028337001204429e+00
1.893030712754377287e+00
1.895033095355954211e+00
1.897035484215578771e+00
1.899037878753460307e+00
1.901040278400372596e+00
1.903042682597656077e+00
1.905045090797214513e+00
1.907047502461518329e+00
1.909049917063601942e+00
1.911052334087065541e+00
1.913054753026075083e+00
1.915057173385360079e+00
1.917059594680217138e+00
1.919062016436505758e+00
1.921064438190653201e+00
1.923066859489649394e+00
1.925069279887739793e+00
1.927071698949732514e+00
1.929074116247691206e+00
1.931076531360930826e+00
1.933078943876021194e+00
1.935081353386783665e+00
1.937083759494294233e+00
1.939086161806880426e+00
1.941088559940124636e+00
1.943090953516860342e+00
1.945093342167176553e+00
1.947095725528413368e+00
1.949098103245166191e+00
1.951100474969281739e+00
1.953102840359861148e+00
1.955105199083257306e+00
1.957107550813077745e+00
1.959109895230181531e+00
1.961112232022681923e+00
1.963114560885943938e+00
1.965116881522587011e+00
1.967119193642482111e+00
1.969121496962754847e+00
1.971123791207781917e+00
1.973126076109194882e+00
1.975128351405876392e+00
1.977130616843964184e+00
1.979132872176847302e+00
1.981135117165169213e+00
1.983137351576825136e+00
1.985139575186964711e+00
1.987141787777988888e+00
1.989143989139553481e+00
1.991146179068565170e+00
1.993148357369185941e+00
1.995150523852828428e+00
1.997152678338160348e+00
1.999154820651100728e+00
2.001156950619033204e+00
2.003159068076592941e+00
2.005161172859880381e+00
2.007163264806457015e+00
2.009165343755349831e+00
2.011167409547048646e+00
2.013169462023506107e+00
2.015171501028138579e+00
2.017173526405827033e+00
2.019175538002913495e+00
2.021177535667205927e+00
2.023179519247974234e+00
2.025181488595952484e+00
2.027183443563338017e+00
2.029185384003791892e+00
2.031187309772437999e+00
2.033189220725863944e+00
2.035191116722120608e+00
2.037192997620723478e+00
2.039194863282648651e+00
2.041196713570339050e+00
2.043198548347698207e+00
2.045200367480094705e+00
2.047202170834359958e+00
2.049203958278789539e+00
2.051205729683140522e+00
2.053207484918636361e+00
2.055209223857960676e+00
2.057210946375263472e+00
2.059212652346155803e+00
2.061214341647713777e+00
2.063216014158476330e+00
2.065217669758446117e+00
2.067219308329087735e+00
2.069220929753332161e+00
2.071222533915570096e+00
2.073224120701659068e+00
2.075225689998917655e+00
2.077227241696129045e+00
2.079228775683539254e+00
2.081230291852858905e+00
2.083231790097259672e+00
2.085233270311380060e+00
2.087234732391318737e+00
2.089236176234639863e+00
2.091237601740369989e+00
2.093239008808999380e+00
2.095240397342482019e+00
2.097241767244234723e+00
2.099243118419138021e+00
2.101244450773536165e+00
2.103245764215235791e+00
2.105247058653508141e+00
2.107248333999086842e+00
2.109249590164169685e+00
2.111250827062416402e+00
2.113252044608952662e+00
2.115253242720364746e+00
2.117254421314705315e+00
2.119255580311487197e+00
2.121256719631690046e+00
2.123257839197753238e+00
2.125258938933582975e+00
2.127260018764545624e+00
2.129261078617473490e+00
2.131262118420660379e+00
2.133263138103864698e+00
2.135264137598307688e+00
2.137265116836674750e+00
2.139266075753112784e+00
2.141267014283234182e+00
2.143267932364113282e+00
2.145268829934288579e+00
2.147269706933760958e+00
2.149270563303995463e+00
2.151271398987920414e+00
2.153272213929927403e+00
2.155273008075870855e+00
2.157273781373070687e+00
2.159274533770306981e+00
2.161275265217825314e+00
2.163275975667333650e+00
2.165276665072004114e+00
2.167277333386471216e+00
2.169277980566833186e+00
2.171278606570652858e+00
2.173279211356955010e+00
2.175279794886228579e+00
2.177280357120424892e+00
2.179280898022960322e+00
2.181281417558713187e+00
2.183281915694026409e+00
2.185282392396704854e+00
2.187282847636018435e+00
2.189283281382698565e+00
2.191283693608942151e+00
2.193284084288407598e+00
2.195284453396217916e+00
2.197284800908958946e+00
2.199285126804680246e+00
2.201285431062895093e+00
2.203285713664580037e+00
2.205285974592174014e+00
2.207286213829581012e+00
2.209286431362166514e+00
2.211286627176761055e+00
2.213286801261656667e+00
2.215286953606611320e+00
2.217287084202843150e+00
2.219287193043036233e+00
2.221287280121336583e+00
2.223287345433354822e+00
2.225287388976163072e+00
2.227287410748299390e+00
