1.597161568686755609e-04
1.552970940379058945e-04
1.510285615522763501e-04
1.469084493845712049e-04
1.429345962889750894e-04
1.391047921790527987e-04
1.354167807046412534e-04
1.318682616593452243e-04
1.284568935067216999e-04
1.251802958532638346e-04
1.220360519287877623e-04
1.190217110738118903e-04
1.161347911964011163e-04
1.133727812614692939e-04
1.107331437593638815e-04
1.082133171653393229e-04
1.058107183887806510e-04
1.035227452656256635e-04
1.013467789420033214e-04
9.928018631308946622e-05
9.732032251459838464e-05
9.546453325588446983e-05
9.371015724136881977e-05
9.205452854804504939e-05
9.049497902599199471e-05
8.902884057278999104e-05
8.765344970333897542e-05
8.636615005366302339e-05
8.516429532418943299e-05
8.404525320132333766e-05
8.300640996203302818e-05
8.204517267928206515e-05
8.115897242946553509e-05
8.034526694494763678e-05
7.960154500306403991e-05
7.892532649938894759e-05
7.831416576864811243e-05
7.776565226573500670e-05
7.727741299046823865e-05
7.684711320278433651e-05
7.647245679730822678e-05
7.615118824161417374e-05
7.588109294246392009e-05
7.565999770076052415e-05
7.548577166014882450e-05
7.535632599750947914e-05
7.526961513974553817e-05
7.522363675240348454e-05
7.521643217580655481e-05
7.524608667889648656e-05
7.531072957496938978e-05
7.540853498544006998e-05
7.553772113033684673e-05
7.569655079949214516e-05
7.588333091672043603e-05
7.609641274246318414e-05
7.633419121798588100e-05
7.659510481028856195e-05
7.687763527907682376e-05
7.718030717781926254e-05
7.750168742789373128e-05
7.784038524459069069e-05
7.819505127380074944e-05
7.856437741661754604e-05
7.894709638712186410e-05
7.934198119652131518e-05
7.974784480611364895e-05
8.016353963671950386e-05
8.058795746947681061e-05
8.102002852797549396e-05
8.145872208023873320e-05
8.190304528402151925e-05
8.235204322135637159e-05
8.280479855989843934e-05
8.326043086726547641e-05
8.371809629020584393e-05
8.417698677522231286e-05
8.463632990761443169e-05
8.509538796602253267e-05
8.555345747414798570e-05
8.600986867189526215e-05
8.646398464674630172e-05
8.691520104065041249e-05
8.736294499334341858e-05
8.780667466146997984e-05
8.824587862807878747e-05
8.868007516972135689e-05
8.910881154482227086e-05
8.953166341748340434e-05
8.994823413210614532e-05
9.035815409332377177e-05
9.076107996814248039e-05
9.115669421086874155e-05
9.154470417969085233e-05
9.192484171850954480e-05
9.229686224655094516e-05
9.266054432833541383e-05
9.301568891549141555e-05
9.336211876028499058e-05
9.369967779237436229e-05
9.402823042262823164e-05
9.434766109989686821e-05
9.465787354262193015e-05
9.495879027451082407e-05
9.525035195979585968e-05
9.553251684806728051e-05
9.580526025434909945e-05
9.606857387217512454e-05
9.632246536199156705e-05
9.656695768620007401e-05
9.680208861707992763e-05
9.702791011761265300e-05
9.724448786748186575e-05
9.745190068881824598e-05
9.765023999318056319e-05
9.783960931339568746e-05
9.802012374938914039e-05
9.819190948308952950e-05
9.835510324837521139e-05
9.850985187491673265e-05
9.865631177276023591e-05
9.879464847810085122e-05
9.892503616245964279e-05
9.904765718646681497e-05
9.916270168804543347e-05
9.927036708511790771e-05
9.937085767231440070e-05
9.946438423136224401e-05
9.955116358521028802e-05
9.963141819741346157e-05
9.970537577412513601e-05
9.977326887278989930e-05
9.983533450850553940e-05
9.989181378674778301e-05
9.994295153649029363e-05
9.998899594971136597e-05
1.000301982302492077e-04
1.000668122686571753e-04
1.000990943128699781e-04
1.001273026940393608e-04
1.001516975105758655e-04
1.001725404007437824e-04
1.001900941888822402e-04
1.002046226910497425e-04
1.002163903644347643e-04
1.002256620302365497e-04
1.002327026033386669e-04
1.002377767915771839e-04
1.002411488156468354e-04
1.002430822026863715e-04
1.002438394627567494e-04
1.002436819329260710e-04
1.002428695341940715e-04
1.002416604642018480e-04
1.002403110900037083e-04
1.002390756517846282e-04
1.002382061019470305e-04
1.002379518470580643e-04
1.002385595965954462e-04
1.002402732029213751e-04
1.002433334273515337e-04
1.002479778797023475e-04
1.002544407340385450e-04
1.002629526385043869e-04
1.002737406580762051e-04
1.002870279684604712e-04
1.003030338425143131e-04
1.003219734803134265e-04
1.003440579507841726e-04
1.003694940569434691e-04
1.003984842692922389e-04
1.004312266595000486e-04
1.004679148135277720e-04
1.005087377572554813e-04
1.005538798648743703e-04
1.006035208516978030e-04
1.006578355636095088e-04
1.007169940544989418e-04
1.007811614975629317e-04
1.008504981069317981e-04
1.009251591659834126e-04
1.010052949978741774e-04
1.010910509636915307e-04
1.011825674012986831e-04
1.012799797336341772e-04
1.013834183051093296e-04
1.014930084848587698e-04
1.016088705576989203e-04
1.017311198298507732e-04
1.018598665109053073e-04
1.019952158215358426e-04
1.021372680209520320e-04
1.022861183459959563e-04
1.024418571094676191e-04
1.026045697301833685e-04
1.027743366966679716e-04
1.029512337888320952e-04
1.031353319134034130e-04
1.033266972901049759e-04
1.035253916157798663e-04
1.037314719704491190e-04
1.039449911017121945e-04
1.041659972629340196e-04
1.043945345928074035e-04
1.046306429271310820e-04
1.048743580010934637e-04
1.051257115102033151e-04
1.053847310861032968e-04
1.056514406328878247e-04
1.059258600555754230e-04
1.062080056434470916e-04
1.064978900467890852e-04
1.067955222294393358e-04
1.071009078457733167e-04
1.074140491335290852e-04
1.077349450294600640e-04
1.080635914328346851e-04
1.083999810405009552e-04
1.087441036928830977e-04
1.090959463035956354e-04
1.094554930124904259e-04
1.098227251576015622e-04
1.101976217058841232e-04
1.105801587080065503e-04
1.109703101283907040e-04
1.113680471947723770e-04
1.117733391570426216e-04
1.121861528077877038e-04
1.126064529620104823e-04
1.130342023252295841e-04
1.134693617308021798e-04
1.139118901625914526e-04
1.143617449214352305e-04
1.148188816577827483e-04
1.152832545400223069e-04
1.157548163396035983e-04
1.162335185473857725e-04
1.167193114704109916e-04
1.172121443029885328e-04
1.177119653813862794e-04
1.182187220568296635e-04
1.187323610474008397e-04
1.192528284456652614e-04
1.197800698576359334e-04
1.203140306047865819e-04
1.208546557637957145e-04
1.214018903592425225e-04
1.219556794456644653e-04
1.225159681544424003e-04
1.230827019278654937e-04
1.236558264373647175e-04
1.242352878834596303e-04
1.248210329022243509e-04
1.254130087129441305e-04
1.260111633378911558e-04
1.266154455564320338e-04
1.272258051055437183e-04
1.278421927787043769e-04
1.284645605629162167e-04
1.290928617281826020e-04
1.297270510609867917e-04
1.303670848108479813e-04
1.310129208812292482e-04
1.316645188857634903e-04
1.323218403612326640e-04
1.329848486742800481e-04
1.336535091632291730e-04
1.343277893548183559e-04
1.350076589269612836e-04
1.356930899055208705e-04
1.363840567078347991e-04
1.370805363348612976e-04
1.377825083854385135e-04
1.384899552559315614e-04
1.392028622496272209e-04
1.399212176004054314e-04
1.406450126858812958e-04
1.413742420818413811e-04
1.421089037014952301e-04
1.428489988190691999e-04
1.435945322436497148e-04
1.443455124035496727e-04
1.451019513648865202e-04
1.458638650001541960e-04
1.466312730568600133e-04
1.474041991869976659e-04
1.481826711072535216e-04
1.489667206127945570e-04
1.497563836878000587e-04
1.505517005940653892e-04
1.513527159510058345e-04
1.521594787760537873e-04
1.529720426469821897e-04
1.537904656826297493e-04
1.546148106456062183e-04
1.554451449513428259e-04
1.562815407671811190e-04
1.571240749999940306e-04
1.579728293654865097e-04
1.588278904053821593e-04
1.596893495297078253e-04
1.605573030469030569e-04
1.614318521929935743e-04
1.623131031134784246e-04
1.632011668965300958e-04
1.640961596038007116e-04
1.649982022492304872e-04
1.659074208101346992e-04
1.668239462591257689e-04
1.677479145575982099e-04
1.686794666377374862e-04
1.696187485016076334e-04
1.705659110977195310e-04
1.715211104492715276e-04
1.724845075889496968e-04
1.734562685754603749e-04
1.744365644395935700e-04
1.754255712781866707e-04
1.764234701557028503e-04
1.774304470789345699e-04
1.784466930421451758e-04
1.794724038302694820e-04
1.805077802167442372e-04
1.815530277553425813e-04
1.826083568457543182e-04
1.836739826317439596e-04
1.847501250314019169e-04
1.858370086101429565e-04
1.869348627367581827e-04
1.880439212681201018e-04
1.891644226974762983e-04
1.902966100868987880e-04
1.914407310811158626e-04
1.925970377057607949e-04
1.937657865288320940e-04
1.949472384462522473e-04
1.961416586739300868e-04
1.973493169584101582e-04
1.985704871105991351e-04
1.998054472635474625e-04
2.010544797884681136e-04
2.023178711820813435e-04
2.035959120908786455e-04
2.048888973018738293e-04
2.061971256420842521e-04
2.075208999692773702e-04
2.088605271474373306e-04
2.102163179693935396e-04
2.115885872538167769e-04
2.129776536026090647e-04
2.143838394264833307e-04
2.158074710436120908e-04
2.172488784071348897e-04
2.187083952510492232e-04
2.201863590384453052e-04
2.216831107366487987e-04
2.231989951644300016e-04
2.247343604388763166e-04
2.262895584743707675e-04
2.278649446117595389e-04
2.294608776077254391e-04
2.310777196555418070e-04
2.327158364256501604e-04
2.343755967541238092e-04
2.360573729374581165e-04
2.377615404261769971e-04
2.394884778874642418e-04
2.412385670824260307e-04
2.430121928588546427e-04
2.448097432145372428e-04
2.466316089389787537e-04
2.484781838365802921e-04
2.503498645829119076e-04
2.522470506730339511e-04
2.541701444164923425e-04
2.561195509107944872e-04
2.580956779552700630e-04
2.600989360769883859e-04
2.621297384697862947e-04
2.641885009381673022e-04
2.662756418557442892e-04
2.683915821327043311e-04
2.705367451991174603e-04
2.727115568143622217e-04
2.749164451787952440e-04
2.771518409043327688e-04
2.794181766330013300e-04
2.817158873311359046e-04
2.840454102086981949e-04
2.864071843932883689e-04
2.888016510634355740e-04
2.912292534933066403e-04
2.936904367376409948e-04
2.961856477562043854e-04
2.987153353149156064e-04
3.012799499357691514e-04
3.038799437629533212e-04
3.065157706421001984e-04
3.091878859635153803e-04
3.118967465099218412e-04
3.146428105559655143e-04
3.174265377117301153e-04
3.202483890313425415e-04
3.231088266644809113e-04
3.260083139119047436e-04
3.289473155939734331e-04
3.319262971602343192e-04
3.349457254871235140e-04
3.380060682368439258e-04
3.411077940398006525e-04
3.442513724065039715e-04
3.474372736692633856e-04
3.506659689518258432e-04
3.539379299489803124e-04
3.572536291741535081e-04
3.606135395231156076e-04
3.640181346703151794e-04
3.674678886296446514e-04
3.709632758648740542e-04
3.745047712482334136e-04
3.780928499002767949e-04
3.817279872367342563e-04
3.854106587373015073e-04
3.891413401336584008e-04
3.929205069902837384e-04
3.967486349522451232e-04
4.006261996015787643e-04
4.045536762677566793e-04
4.085315400358693308e-04
4.125602660086228105e-04
4.166403287295393260e-04
4.207722023592190921e-04
4.249563605822398904e-04
4.291932767685717877e-04
4.334834234449223790e-04
4.378272727649940303e-04
4.422252956310646879e-04
4.466779628137372451e-04
4.511857438193550107e-04
4.557491071172125913e-04
4.603685206197507141e-04
4.650444509377456011e-04
4.697773634149525891e-04
4.745677228111634194e-04
4.794159918625318486e-04
4.843226327243920610e-04
4.892881056478161740e-04
4.943128695159956700e-04
4.993973817952291694e-04
5.045420981448055101e-04
5.097474724743137524e-04
5.150139568180489829e-04
5.203420018471936487e-04
5.257320553469964092e-04
5.311845636980505603e-04
5.366999711165649492e-04
5.422787192519567005e-04
5.479212473913396605e-04
5.536279927153193482e-04
5.593993894835538362e-04
5.652358699004120983e-04
5.711378627851524488e-04
5.771057948830404230e-04
5.831400894654611934e-04
5.892411672078214872e-04
5.954094457054060451e-04
6.016453391164364737e-04
6.079492587218958931e-04
6.143216120532066487e-04
6.207628034668397901e-04
6.272732337048105185e-04
6.338532995413706343e-04
6.405033946362272915e-04
6.472239078222698791e-04
6.540152244421136357e-04
6.608777258943493308e-04
6.678117889962465175e-04
6.748177865674687918e-04
6.818960869574731010e-04
6.890470540720988269e-04
6.962710471164440355e-04
7.035684212571425688e-04
7.109395262223760625e-04
7.183847072360546307e-04
7.259043045701077217e-04
7.334986534812172349e-04
7.411680842018878151e-04
7.489129209914263674e-04
7.567334837098631728e-04
7.646300860406302167e-04
7.726030364897535632e-04
7.806526379331659880e-04
7.887791870154155010e-04
7.969829747129721260e-04
8.052642858273798649e-04
8.136233990723821001e-04
8.220605865436258434e-04
8.305761139307072868e-04
8.391702404080052203e-04
8.478432181964432610e-04
8.565952929782100862e-04
8.654267023645381435e-04
8.743376782499752680e-04
8.833284443835895611e-04
8.923992173797011453e-04
9.015502066389654732e-04
9.107816133468680251e-04
9.200936319899377875e-04
9.294864485179768661e-04
9.389602418010462763e-04
9.485151823799892927e-04
9.581514326544122648e-04
9.678691473974738915e-04
9.776684728176451757e-04
9.875495469882122120e-04
9.975124991541699151e-04
1.007557450027043913e-03
1.017684511746469673e-03
1.027893787115676232e-03
1.038185370085147920e-03
1.048559345335555847e-03
1.059015788276776709e-03
1.069554765166089031e-03
1.080176332553057323e-03
1.090880537579683911e-03
1.101667417926589137e-03
1.112537001464358180e-03
1.123489306174014178e-03
1.134524340297487274e-03
1.145642101997861864e-03
1.156842579395043168e-03
1.168125750250126240e-03
1.179491582515779279e-03
1.190940032984857391e-03
1.202471048456420395e-03
1.214084564392975537e-03
1.225780506411709323e-03
1.237558788552219763e-03
1.249419313454305141e-03
1.261361973245385230e-03
1.273386647950899798e-03
1.285493206504423986e-03
1.297681506228860011e-03
1.309951392140842105e-03
1.322302697525739668e-03
1.334735243962869742e-03
1.347248840109824047e-03
1.359843282337533247e-03
1.372518355260203505e-03
1.385273830050648023e-03
1.398109465209315758e-03
1.411025006664558658e-03
1.424020187323379047e-03
1.437094726341509813e-03
1.450248330296710457e-03
1.463480692132526715e-03
1.476791491239358087e-03
1.490180393269169854e-03
1.503647050236880727e-03
1.517191100633519729e-03
1.530812168238584190e-03
1.544509863480973905e-03
1.558283782069069378e-03
1.572133505809894050e-03
1.586058601829709114e-03
1.600058622794889350e-03
1.614133107254689739e-03
1.628281578170822936e-03
1.642503544142782934e-03
1.656798498534764810e-03
1.671165920218094930e-03
1.685605272005436797e-03
1.700116002037185088e-03
1.714697542532611771e-03
1.729349310902006213e-03
1.744070708467137512e-03
1.758861120847478527e-03
1.773719918446742694e-03
1.788646454910212003e-03
1.803640068994444290e-03
1.818700082491687443e-03
1.833825801603049862e-03
1.849016516231665689e-03
1.864271499718944854e-03
1.879590009223194033e-03
1.894971285342039345e-03
1.910414552369346913e-03
1.925919017945696907e-03
1.941483872990061024e-03
1.957108291803978488e-03
1.972791431775038681e-03
1.988532433997839723e-03
2.004330421916730633e-03
2.020184502972841717e-03
2.036093766801911134e-03
2.052057286564364612e-03
2.068074117792160615e-03
2.084143299076386593e-03
2.100263851587476100e-03
2.116434779375435653e-03
2.132655068893556018e-03
2.148923689533858029e-03
2.165239593086564895e-03
2.181601714289514281e-03
2.198008969879215995e-03
2.214460259479288876e-03
2.230954464745822392e-03
2.247490450199974080e-03
2.264067062235912853e-03
2.280683129647452425e-03
2.297337463708091446e-03
2.314028857618782940e-03
2.330756086910549304e-03
2.347517908934044269e-03
2.364313063392550155e-03
2.381140271741510276e-03
2.397998237281926022e-03
2.414885644901552161e-03
2.431801161634281842e-03
2.448743435610418583e-03
2.465711096746011580e-03
2.482702756610720082e-03
2.499717007750044788e-03
2.516752424603717342e-03
2.533807562438232606e-03
2.550880958211372389e-03
2.567971129755113394e-03
2.585076576309320532e-03
2.602195778097185930e-03
2.619327196547031108e-03
2.636469273912002680e-03
2.653620433812246739e-03
2.670779080428203455e-03
2.687943599163695151e-03
2.705112356249092694e-03
2.722283698602489480e-03
2.739455954202642263e-03
2.756627431701607830e-03
2.773796420366994066e-03
2.790961190312921027e-03
2.808119992169215255e-03
2.825271057375105394e-03
2.842412597560687020e-03
2.859542805487960693e-03
2.876659853949322006e-03
2.893761896396886309e-03
2.910847066715435954e-03
2.927913479235764223e-03
2.944959228609542786e-03
2.961982389769665918e-03
2.978981018121963902e-03
2.995953149353725552e-03
3.012896799346456364e-03
3.029809964380743726e-03
3.046690620932652853e-03
3.063536725652671582e-03
3.080346215505481815e-03
3.097117007634582128e-03
3.113846999386712684e-03
3.130534068412423650e-03
3.147176072613010016e-03
3.163770849924406239e-03
3.180316218547020631e-03
3.196809976780779199e-03
3.213249903056639937e-03
3.229633755706548537e-03
3.245959273315432870e-03
3.262224174310118189e-03
3.278426157150371358e-03
3.294562900086797207e-03
3.310632061296528601e-03
3.326631278944441796e-03
3.342558170869033146e-03
3.358410334935125682e-03
3.374185348666142430e-03
3.389880769616162096e-03
3.405494135273537393e-03
3.421022962919527659e-03
3.436464749856650916e-03
3.451816973357720725e-03
3.467077090675822586e-03
3.482242539124821151e-03
3.497310735978494296e-03
3.512279078639899809e-03
3.527144944491320076e-03
3.541905691021803720e-03
3.556558655829591617e-03
3.571101156636182893e-03
3.585530491307698051e-03
3.599843937950404985e-03
3.614038754877398844e-03
3.628112180558173191e-03
3.642061433686022247e-03
3.655883713148549291e-03
3.669576197971417385e-03
3.683136047367720472e-03
3.696560400672034823e-03
3.709846377313966680e-03
3.722991076898149888e-03
3.735991579113016360e-03
3.748844943685446934e-03
3.761548210477335622e-03
3.774098399384013744e-03
3.786492510480643243e-03
3.798727523944675413e-03
3.810800400154138162e-03
3.822708079669110467e-03
3.834447483413710913e-03
3.846015512485655412e-03
3.857409048392251155e-03
3.868624952930186343e-03
3.879660068354643179e-03
3.890511217295767894e-03
3.901175202840052262e-03
3.911648808538644231e-03
3.921928798490633729e-03
3.932011917243329047e-03
3.941894889949196408e-03
3.951574422409107924e-03
3.961047201027079190e-03
3.970309892894143163e-03
3.979359145881786707e-03
3.988191588605151904e-03
3.996803830450219169e-03
4.005192461596557285e-03
4.013354053048763526e-03
4.021285156687436774e-03
4.028982305198865708e-03
4.036442012152439106e-03
4.043660771992247174e-03
4.050635060041810412e-03
4.057361332495052972e-03
4.063836026418759031e-03
4.070055559747259334e-03
4.076016331281765923e-03
4.081714720735248568e-03
4.087147088795386150e-03
4.092309777058471959e-03
4.097199108140060428e-03
4.101811385674479678e-03
4.106142894312126215e-03
4.110189899720219538e-03
4.113948648580604238e-03
4.117415368589020554e-03
4.120586268453831948e-03
4.123457537896544657e-03
4.126025347649753781e-03
4.128285849456811082e-03
4.130235176071532684e-03
4.131869441257547682e-03
4.133184739787928649e-03
4.134177147444822141e-03
4.134842721019182411e-03
4.135177498310610954e-03
