2.976544733683636679e+01
2.976692719857155467e+01
2.976840705955372357e+01
2.976988691827660816e+01
2.977136677248053687e+01
2.977284661915221520e+01
2.977432645452451965e+01
2.977580627407632718e+01
2.977728607253230209e+01
2.977876584386270054e+01
2.978024558128315036e+01
2.978172527725446983e+01
2.978320492348245807e+01
2.978468451091768898e+01
2.978616402975533006e+01
2.978764346943491503e+01
2.978912281864012712e+01
2.979060206529862853e+01
2.979208119658184017e+01
2.979356019890476759e+01
2.979503905792578422e+01
2.979651775854641471e+01
2.979799628491115726e+01
2.979947462040728468e+01
2.980095274766464541e+01
2.980243064855545043e+01
2.980390830341052322e+01
2.980538569229873858e+01
2.980686279368084257e+01
2.980833958534272909e+01
2.980981604526095907e+01
2.981129214969735131e+01
2.981276787474391909e+01
2.981424319557787683e+01
2.981571808635278131e+01
2.981719252019558297e+01
2.981866646898989259e+01
2.982013990420397676e+01
2.982161279668780907e+01
2.982308511767932657e+01
2.982455683862556484e+01
2.982602793109595751e+01
2.982749836774385344e+01
2.982896812142493559e+01
2.983043716569870085e+01
2.983190547483984645e+01
2.983337302362499344e+01
2.983483978721033125e+01
2.983630574160941151e+01
2.983777086344923291e+01
2.983923512978754644e+01
2.984069851821419306e+01
2.984216100703617158e+01
2.984362257562908027e+01
2.984508320389997849e+01
2.984654287264557126e+01
2.984800156387375125e+01
2.984945926077150347e+01
2.985091594740115539e+01
2.985237160913566967e+01
2.985382623241896027e+01
2.985527980550699922e+01
2.985673231791731652e+01
2.985818376049580891e+01
2.985963412558769647e+01
2.986108340645312254e+01
2.986253159748521568e+01
2.986397869381507775e+01
2.986542469106096576e+01
2.986686958569746153e+01
2.986831337431195976e+01
2.986975605416385093e+01
2.987119762274695489e+01
2.987263807755651968e+01
2.987407741650027404e+01
2.987551563750780659e+01
2.987695273876312996e+01
2.987838871887835168e+01
2.987982357639013742e+01
2.988125731026335785e+01
2.988268991966237209e+01
2.988412140395112360e+01
2.988555176276473091e+01
2.988698099593797863e+01
2.988840910357699698e+01
2.988983608616599597e+01
2.989126194446060225e+01
2.989268667959476389e+01
2.989411029308083201e+01
2.989553278680968518e+01
2.989695416308776998e+01
2.989837442460575900e+01
2.989979357447009889e+01
2.990121161620865919e+01
2.990262855377092421e+01
2.990404439152807825e+01
2.990545913427311575e+01
2.990687278722099762e+01
2.990828535600872584e+01
2.990969684669548911e+01
2.991110726576278722e+01
2.991251662008048839e+01
2.991392491706577417e+01
2.991533216452432598e+01
2.991673837077543396e+01
2.991814354465220660e+01
2.991954769526711644e+01
2.992095083224672791e+01
2.992235296549713297e+01
2.992375410521249179e+01
2.992515426186658800e+01
2.992655344622142977e+01
2.992795166932731021e+01
2.992934894252298150e+01
2.993074527728423462e+01
2.993214068537541905e+01
2.993353517869797997e+01
2.993492876929049373e+01
2.993632146932872828e+01
2.993771329112571067e+01
2.993910424713172347e+01
2.994049434993437586e+01
2.994188361225861073e+01
2.994327204696681122e+01
2.994465966700531823e+01
2.994604648545793069e+01
2.994743251549245144e+01
2.994881777035242010e+01
2.995020226332059110e+01
2.995158600775548052e+01
2.995296901704651660e+01
2.995435130461402196e+01
2.995573288390924915e+01
2.995711376841439844e+01
2.995849397170324124e+01
2.995987350738053934e+01
2.996125238914270383e+01
2.996263063077780942e+01
2.996400824631713178e+01
2.996538524978815232e+01
2.996676165554296389e+01
2.996813747814827877e+01
2.996951273245060676e+01
2.997088743359253726e+01
2.997226159706375270e+01
2.997363523867477397e+01
2.997500837458342104e+01
2.997638102126849091e+01
2.997775319552993523e+01
2.997912491448891714e+01
2.998049619550968004e+01
2.998186705625257176e+01
2.998323751462105946e+01
2.998460758873665810e+01
2.998597729693895886e+01
2.998734665778571440e+01
2.998871569005292770e+01
2.999008441273487691e+01
2.999145284504426812e+01
2.999282100625380210e+01
2.999418891585463598e+01
2.999555659337815783e+01
2.999692405841583209e+01
2.999829133059934350e+01
2.999965842960060769e+01
3.000102537513178902e+01
3.000239218694532184e+01
3.000375888483491593e+01
3.000512548842542770e+01
3.000649201745412142e+01
3.000785849151427698e+01
3.000922493023350412e+01
3.001059135316651449e+01
3.001195777992637659e+01
3.001332423018456552e+01
3.001469072372100655e+01
3.001605728037399956e+01
3.001742392009037275e+01
3.001879066293922094e+01
3.002015752916512170e+01
3.002152453905969764e+01
3.002289171311815252e+01
3.002425907190745136e+01
3.002562663613428029e+01
3.002699442656843587e+01
3.002836246399506592e+01
3.002973076927389329e+01
3.003109936325708418e+01
3.003246826678922332e+01
3.003383750067728997e+01
3.003520708579863552e+01
3.003657704295788733e+01
3.003794739300007777e+01
3.003931815670554073e+01
3.004068935482355229e+01
3.004206100804123736e+01
3.004343313692810113e+01
3.004480576201506636e+01
3.004617890371832800e+01
3.004755258238292370e+01
3.004892681812320276e+01
3.005030163102119189e+01
3.005167704095288528e+01
3.005305306756699579e+01
3.005442973034207910e+01
3.005580704856717844e+01
3.005718504131614921e+01
3.005856372750352534e+01
3.005994312572532934e+01
3.006132325436843544e+01
3.006270413152486398e+01
3.006408577500783608e+01
3.006546820228867745e+01
3.006685143066011179e+01
3.006823547718399681e+01
3.006962035874269290e+01
3.007100609213253861e+01
3.007239269406824889e+01
3.007378018119477403e+01
3.007516857016530309e+01
3.007655787757751753e+01
3.007794812015336916e+01
3.007933931452650356e+01
3.008073147745185238e+01
3.008212462569335699e+01
3.008351877604880542e+01
3.008491394532009622e+01
3.008631015033943967e+01
3.008770740788533971e+01
3.008910573471130334e+01
3.009050514754239458e+01
3.009190566300725322e+01
3.009330729753791189e+01
3.009471006752890432e+01
3.009611398913374103e+01
3.009751907835451235e+01
3.009892535108176403e+01
3.010033282303581004e+01
3.010174150980643404e+01
3.010315142691341705e+01
3.010456258972912025e+01
3.010597501363093897e+01
3.010738871385998650e+01
3.010880370565332598e+01
3.011022000409736421e+01
3.011163762427445079e+01
3.011305658121081663e+01
3.011447688985167659e+01
3.011589856514720154e+01
3.011732162199708185e+01
3.011874607535224513e+01
3.012017194010699939e+01
3.012159923118869287e+01
3.012302796346271450e+01
3.012445815181649422e+01
3.012588981105750818e+01
3.012732295599937515e+01
3.012875760133191960e+01
3.013019376167044072e+01
3.013163145153119160e+01
3.013307068529263333e+01
3.013451147719443313e+01
3.013595384131463106e+01
3.013739779163317678e+01
3.013884334196501769e+01
3.014029050597852688e+01
3.014173929724660894e+01
3.014318972919559769e+01
3.014464181511970509e+01
3.014609556818565750e+01
3.014755100148214595e+01
3.014900812797745999e+01
3.015046696049143193e+01
3.015192751179243302e+01
3.015338979450871904e+01
3.015485382117147850e+01
3.015631960415828772e+01
3.015778715576314184e+01
3.015925648815474602e+01
3.016072761341587238e+01
3.016220054359439118e+01
3.016367529068231690e+01
3.016515186667247761e+01
3.016663028353117681e+01
3.016811055322752466e+01
3.016959268771375946e+01
3.017107669897721678e+01
3.017256259901656534e+01
3.017405039986669735e+01
3.017554011354727095e+01
3.017703175224881562e+01
3.017852532811909683e+01
3.018002085339114871e+01
3.018151834030484792e+01
3.018301780114433441e+01
3.018451924817569676e+01
3.018602269371747937e+01
3.018752815006370227e+01
3.018903562959281572e+01
3.019054514468662020e+01
3.019205670783537698e+01
3.019357033155947434e+01
3.019508602842680745e+01
3.019660381100061031e+01
3.019812369193095236e+01
3.019964568388922643e+01
3.020116979955270509e+01
3.020269605170745564e+01
3.020422445326604688e+01
3.020575501730948176e+01
3.020728775707643621e+01
3.020882268604468379e+01
3.021035981793219349e+01
3.021189916667352549e+01
3.021344074636576948e+01
3.021498457119020387e+01
3.021653065546333750e+01
3.021807901348313052e+01
3.021962965953192537e+01
3.022118260786786692e+01
3.022273787268426304e+01
3.022429546811945755e+01
3.022585540821052064e+01
3.022741770694169006e+01
3.022898237818933964e+01
3.023054943569300690e+01
3.023211889307769340e+01
3.023369076377826659e+01
3.023526506107198486e+01
3.023684179801440663e+01
3.023842098741890894e+01
3.024000264188120823e+01
3.024158677375558923e+01
3.024317339515848246e+01
3.024476251792714976e+01
3.024635415366793723e+01
3.024794831370240544e+01
3.024954500909257860e+01
3.025114425060128553e+01
3.025274604869003170e+01
3.025435041351445520e+01
3.025595735491354432e+01
3.025756688240659997e+01
3.025917900523332449e+01
3.026079373233504555e+01
3.026241107237146721e+01
3.026403103378549631e+01
3.026565362477150956e+01
3.026727885329009027e+01
3.026890672707084917e+01
3.027053725362043224e+01
3.027217044021048764e+01
3.027380629387341671e+01
3.027544482138952731e+01
3.027708602931286919e+01
3.027872992397692187e+01
3.028037651148660458e+01
3.028202579775767589e+01
3.028367778857719372e+01
3.028533248949061019e+01
3.028698990593624885e+01
3.028865004313091802e+01
3.029031290606041082e+01
3.029197849951322041e+01
3.029364682803337416e+01
3.029531789590099677e+01
3.029699170719340273e+01
3.029866826570855665e+01
3.030034757503172926e+01
3.030202963851754205e+01
3.030371445926060758e+01
3.030540204011855110e+01
3.030709238372483583e+01
3.030878549249866794e+01
3.031048136858902708e+01
3.031218001394087835e+01
3.031388143027900739e+01
3.031558561908411065e+01
3.031729258170234331e+01
3.031900231927028599e+01
3.032071483276149593e+01
3.032243012305530172e+01
3.032414819081219193e+01
3.032586903657650268e+01
3.032759266072766380e+01
3.032931906352928308e+01
3.033104824511449849e+01
3.033278020551845344e+01
3.033451494470712362e+01
3.033625246256712771e+01
3.033799275890642377e+01
3.033973583346783798e+01
3.034148168594861161e+01
3.034323031603221921e+01
3.034498172335997168e+01
3.034673590760179351e+01
3.034849286849435046e+01
3.035025260579956097e+01
3.035201511934385366e+01
3.035378040904477359e+01
3.035554847492385733e+01
3.035731931709526066e+01
3.035909293575174317e+01
3.036086933116218489e+01
3.036264850366689672e+01
3.036443045358949178e+01
3.036621518128731267e+01
3.036800268711037987e+01
3.036979297140197431e+01
3.037158603456294159e+01
3.037338187696894920e+01
3.037518049900100792e+01
3.037698190103350981e+01
3.037878608341335251e+01
3.038059304633134161e+01
3.038240278994859622e+01
3.038421531430004308e+01
3.038603061930630034e+01
3.038784870478071909e+01
3.038966957044761230e+01
3.039149321594080888e+01
3.039331964077607040e+01
3.039514884434938935e+01
3.039698082592230577e+01
3.039881558457865296e+01
3.040065311926003488e+01
3.040249342869400451e+01
3.040433651144302374e+01
3.040618236581039113e+01
3.040803098998038578e+01
3.040988238191285475e+01
3.041173653940698429e+01
3.041359346004456654e+01
3.041545314126272004e+01
3.041731558029222526e+01
3.041918077422734967e+01
3.042104871992460602e+01
3.042291941408527833e+01
3.042479285320867177e+01
3.042666903361307362e+01
3.042854795145705893e+01
3.043042960267375463e+01
3.043231398297978174e+01
3.043420108788460965e+01
3.043609091260422872e+01
3.043798345207130041e+01
3.043987870085510750e+01
3.044177665315331893e+01
3.044367730273980399e+01
3.044558064299852518e+01
3.044748666683766913e+01
3.044939536676287517e+01
3.045130673479194527e+01
3.045322076249756549e+01
3.045513744101297604e+01
3.045705676099856163e+01
3.045897871263147749e+01
3.046090328565090388e+01
3.046283046931873528e+01
3.046476025246301589e+01
3.046669262350714646e+01
3.046862757045618864e+01
3.047056508094095051e+01
3.047250514222295692e+01
3.047444774123853861e+01
3.047639286456506014e+01
3.047834049849825178e+01
3.048029062903081154e+01
3.048224324183507861e+01
3.048419832230786142e+01
3.048615585550377105e+01
3.048811582614824189e+01
3.049007821863523660e+01
3.049204301694445718e+01
3.049401020465496259e+01
3.049597976497227592e+01
3.049795168066812678e+01
3.049992593408696351e+01
3.050190250716741502e+01
3.050388138145789441e+01
3.050586253814935489e+01
3.050784595806291577e+01
3.050983162173795904e+01
3.051181950943164622e+01
3.051380960116851426e+01
3.051580187675872935e+01
3.051779631574493479e+01
3.051979289751469793e+01
3.052179160127588986e+01
3.052379240602542154e+01
3.052579529062762020e+01
3.052780023378880969e+01
3.052980721409008069e+01
3.053181620999893298e+01
3.053382719986317895e+01
3.053584016191530637e+01
3.053785507429509849e+01
3.053987191503410159e+01
3.054189066208240178e+01
3.054391129333401267e+01
3.054593378659878056e+01
3.054795811965200159e+01
3.054998427021146057e+01
3.055201221599466521e+01
3.055404193468839225e+01
3.055607340399987137e+01
3.055810660159192693e+01
3.056014150513541949e+01
3.056217809233358196e+01
3.056421634087710260e+01
3.056625622844384083e+01
3.056829773274480644e+01
3.057034083147963699e+01
3.057238550234478680e+01
3.057443172303326762e+01
3.057647947121503051e+01
3.057852872454203208e+01
3.058057946066627153e+01
3.058263165721108123e+01
3.058468529181022078e+01
3.058674034200997838e+01
3.058879678535191715e+01
3.059085459934452444e+01
3.059291376143368879e+01
3.059497424900806450e+01
3.059703603943090755e+01
3.059909911001238925e+01
3.060116343810136641e+01
3.060322900098674737e+01
3.060529577598195772e+01
3.060736374043777630e+01
3.060943287173762073e+01
3.061150314733470168e+01
3.061357454474689632e+01
3.061564704155222927e+01
3.061772061541731205e+01
3.061979524409806075e+01
3.062187090542341394e+01
3.062394757730857364e+01
3.062602523774927477e+01
3.062810386484018466e+01
3.063018343679136279e+01
3.063226393190558738e+01
3.063434532862074278e+01
3.063642760549819499e+01
3.063851074119454410e+01
3.064059471450114813e+01
3.064267950430502196e+01
3.064476508960271417e+01
3.064685144948220952e+01
3.064893856314060727e+01
3.065102640989362826e+01
3.065311496916222822e+01
3.065520422048302862e+01
3.065729414348881221e+01
3.065938471793930731e+01
3.066147592372504249e+01
3.066356774085887693e+01
3.066566014946570462e+01
3.066775312981386037e+01
3.066984666232995949e+01
3.067194072752963763e+01
3.067403530608856244e+01
3.067613037879393190e+01
3.067822592657794090e+01
3.068032193050301970e+01
3.068241837177534848e+01
3.068451523173791529e+01
3.068661249190487794e+01
3.068871013393039959e+01
3.069080813964701093e+01
3.069290649107795232e+01
3.069500517042510523e+01
3.069710416009203868e+01
3.069920344269450396e+01
3.070130300103245347e+01
3.070340281811282779e+01
3.070550287712506687e+01
3.070760316142114377e+01
3.070970365453148787e+01
3.071180434015648686e+01
3.071390520210187347e+01
3.071600622436569950e+01
3.071810739107466048e+01
3.072020868649387637e+01
3.072231009501484778e+01
3.072441160118771109e+01
3.072651318966087075e+01
3.072861484521974518e+01
3.073071655276222103e+01
3.073281829732026793e+01
3.073492006401142973e+01
3.073702183808609334e+01
3.073912360489752871e+01
3.074122534990193145e+01
3.074332705867657722e+01
3.074542871690309553e+01
3.074753031038255457e+01
3.074963182505389625e+01
3.075173324698647548e+01
3.075383456240171043e+01
3.075593575767912569e+01
3.075803681936645617e+01
3.076013773418524622e+01
3.076223848903471136e+01
3.076433907099457699e+01
3.076643946728120937e+01
3.076853966529383300e+01
3.077063965256830969e+01
3.077273941679210978e+01
3.077483894580618085e+01
3.077693822760602060e+01
3.077903725035147886e+01
3.078113600236861203e+01
3.078323447215077380e+01
3.078533264837296457e+01
3.078743051987746426e+01
3.078952807568819949e+01
3.079162530501396589e+01
3.079372219724514892e+01
3.079581874194512636e+01
3.079791492885458482e+01
3.080001074788714988e+01
3.080210618912682108e+01
3.080420124282298389e+01
3.080629589938852320e+01
3.080839014942080212e+01
3.081048398366498020e+01
3.081257739304388110e+01
3.081467036863840647e+01
3.081676290163807863e+01
3.081885498339049434e+01
3.082094660534810870e+01
3.082303775907580956e+01
3.082512843625009324e+01
3.082721862864870488e+01
3.082930832816904498e+01
3.083139752681655210e+01
3.083348621670505452e+01
3.083557439004162504e+01
3.083766203914173332e+01
3.083974915639566206e+01
3.084183573428693137e+01
3.084392176537246044e+01
3.084600724228397439e+01
3.084809215772660806e+01
3.085017650447889181e+01
3.085226027539270888e+01
3.085434346339489409e+01
3.085642606149009026e+01
3.085850806276268798e+01
3.086058946037642059e+01
3.086267024758014799e+01
3.086475041771145200e+01
3.086682996419298419e+01
3.086890888054284332e+01
3.087098716035657375e+01
3.087306479734959552e+01
3.087514178532054743e+01
3.087721811817376860e+01
3.087929378992118146e+01
3.088136879468032703e+01
3.088344312667437208e+01
3.088551678022883706e+01
3.088758974977485749e+01
3.088966202984595100e+01
3.089173361507797466e+01
3.089380450020912505e+01
3.089587468007994531e+01
3.089794414963332514e+01
3.090001290391444400e+01
3.090208093805908618e+01
3.090414824730386201e+01
3.090621482700542089e+01
3.090828067260952494e+01
3.091034577968049746e+01
3.091241014389098396e+01
3.091447376103218048e+01
3.091653662701097360e+01
3.091859873782051338e+01
3.092066008956967238e+01
3.092272067847084571e+01
3.092478050083711949e+01
3.092683955308514854e+01
3.092889783174213392e+01
3.093095533343126746e+01
3.093301205488627659e+01
3.093506799292138254e+01
3.093712314444674050e+01
3.093917750646063425e+01
3.094123107604186984e+01
3.094328385035737128e+01
3.094533582666219829e+01
3.094738700229954631e+01
3.094943737470075718e+01
3.095148694138748979e+01
3.095353569996955656e+01
3.095558364814706920e+01
3.095763078371043520e+01
3.095967710454033650e+01
3.096172260860781122e+01
3.096376729397415772e+01
3.096581115879206791e+01
3.096785420128610866e+01
3.096989641976860597e+01
3.097193781262401657e+01
3.097397837830608935e+01
3.097601811534143934e+01
3.097805702232511038e+01
3.098009509792659699e+01
3.098213234088822787e+01
3.098416875003034576e+01
3.098620432424772986e+01
3.098823906251321958e+01
3.099027296387769681e+01
3.099230602744927054e+01
3.099433825241408869e+01
3.099636963800562484e+01
3.099840018349274828e+01
3.100042988819162915e+01
3.100245875144394603e+01
3.100448677262080821e+01
3.100651395110845598e+01
3.100854028632258164e+01
3.101056577769795553e+01
3.101259042468844740e+01
3.101461422676360868e+01
3.101663718341207598e+01
3.101865929413816403e+01
3.102068055846192252e+01
3.102270097591910414e+01
3.102472054606117169e+01
3.102673926845533714e+01
3.102875714268451190e+01
3.103077416834731039e+01
3.103279034505941070e+01
3.103480567245559740e+01
3.103682015018773654e+01
3.103883377792817555e+01
3.104084655536970416e+01
3.104285848222561839e+01
3.104486955822969918e+01
3.104687978313619467e+01
3.104888915671984151e+01
3.105089767877582929e+01
3.105290534911981837e+01
3.105491216758794337e+01
3.105691813403685231e+01
3.105892324834366036e+01
3.106092751040597832e+01
3.106293092014186641e+01
3.106493347748987688e+01
3.106693518240903984e+01
3.106893603487885613e+01
