7.048240788744116944e-05
6.756697379031182456e-05
6.477931634758240468e-05
6.211723793162102181e-05
5.957844864421017278e-05
5.716059129223312096e-05
5.486124293912576154e-05
5.267792709506921594e-05
5.060812544709131406e-05
4.864928274705527611e-05
4.679881462487039625e-05
4.505411269811285827e-05
4.341255004788949619e-05
4.187148532585552584e-05
4.042826789474736034e-05
3.908024069533118453e-05
3.782474498257550261e-05
3.665912507615441934e-05
3.558073120089494558e-05
3.458692433423543150e-05
3.367507923494990547e-05
3.284258770364617390e-05
3.208686322054104503e-05
3.140534279037509354e-05
3.079549104597413171e-05
3.025480365267479865e-05
2.978081112367691503e-05
2.937108008875920630e-05
2.902321669822717214e-05
2.873486822900171757e-05
2.850372485986277083e-05
2.832752065793682364e-05
2.820403576524319048e-05
2.813109623141811356e-05
2.810657665865743838e-05
2.812839956568689197e-05
2.819453643241802180e-05
2.830300770418402796e-05
2.845188350619499160e-05
2.863928314988830646e-05
2.886337505180195713e-05
2.912237693991029820e-05
2.941455539577275796e-05
2.973822547972084106e-05
3.009175028501946355e-05
3.047354057443077695e-05
3.088205427106950428e-05
3.131579609315385612e-05
3.177331686714584619e-05
3.225321315095729065e-05
3.275412669890175510e-05
3.327474391808574297e-05
3.381379517023914597e-05
3.437005423665495999e-05
3.494233756083359974e-05
3.552950359410571161e-05
3.613045196970882561e-05
3.674412275895018719e-05
3.736949578127307165e-05
3.800558971282899022e-05
3.865146137791682166e-05
3.930620532031619537e-05
3.996895255953146410e-05
4.063887021490686775e-05
4.131516061627928273e-05
4.199706056624349920e-05
4.268384056590663781e-05
4.337480407214968481e-05
4.406928682748721823e-05
4.476665599491824868e-05
4.546630965519823318e-05
4.616767600189592010e-05
4.687021257306092322e-05
4.757340570544729176e-05
4.827676970800927396e-05
4.897984616940776923e-05
4.968220320298949932e-05
5.038343489255142291e-05
5.108316046304623716e-05
5.178102371790322235e-05
5.247669228914401051e-05
5.316985705722083268e-05
5.386023142014201081e-05
5.454755057484589857e-05
5.523157088911990646e-05
5.591206919505020505e-05
5.658884209289319285e-05
5.726170531929818488e-05
5.793049309232647394e-05
5.859505745255738429e-05
5.925526765493089405e-05
5.991100951524321050e-05
6.056218481504272583e-05
6.120871070120077176e-05
6.185051908805106586e-05
6.248755607390690521e-05
6.311978140570247598e-05
6.374716790273737940e-05
6.436970095752739371e-05
6.498737804860799572e-05
6.560020824150817969e-05
6.620821170042142138e-05
6.681141923093949510e-05
6.740987186657651183e-05
6.800362037645205212e-05
6.859272485885125616e-05
6.917725432347974807e-05
6.975728625647794310e-05
7.033290623542484069e-05
7.090420749645134706e-05
7.147129054977015023e-05
7.203426277849027393e-05
7.259323811911412214e-05
7.314833669800283728e-05
7.369968448057214339e-05
7.424741296940985799e-05
7.479165889150385339e-05
7.533256392922779438e-05
7.587027446191991055e-05
7.640494125403322066e-05
7.693671923588479475e-05
7.746576724633446318e-05
7.799224777397392662e-05
7.851632669593269494e-05
7.903817301773636617e-05
7.955795866775136789e-05
8.007585828483374305e-05
8.059204898974217104e-05
8.110671015045045412e-05
8.162002327763476478e-05
8.213217173520180299e-05
8.264334077371950614e-05
8.315371717701747483e-05
8.366348920548310445e-05
8.417284649123186601e-05
8.468197983017334857e-05
8.519108107790234483e-05
8.570034293293200681e-05
8.620995885511072241e-05
8.672012296202964710e-05
8.723102983975667486e-05
8.774287448314541658e-05
8.825585221679226728e-05
8.877015851827488736e-05
8.928598896381880661e-05
8.980353905373670024e-05
9.032300418260818067e-05
9.084457941551604091e-05
9.136845946364404857e-05
9.189483851057051898e-05
9.242391019025154365e-05
9.295586738606250485e-05
9.349090218693961762e-05
9.402920583281634413e-05
9.457096854775096421e-05
9.511637948645250439e-05
9.566562660496955766e-05
9.621889663938697104e-05
9.677637496931525119e-05
9.733824561918767672e-05
9.790469108457491843e-05
9.847589243832505744e-05
9.905202936491892980e-05
9.963327987310651487e-05
1.002198205244258399e-04
1.008118263727305198e-04
1.014094708904670722e-04
1.020129259657183792e-04
1.026223621233155945e-04
1.032379482640003365e-04
1.038598519373681818e-04
1.044882393127331838e-04
1.051232750080056694e-04
1.057651222180804517e-04
1.064139426214992740e-04
1.070698962308188349e-04
1.077331415949339184e-04
1.084038353653818745e-04
1.090821325553526910e-04
1.097681863069593857e-04
1.104621478987206554e-04
1.111641666817240277e-04
1.118743902351368815e-04
1.125929641229099211e-04
1.133200321414311378e-04
1.140557361091628735e-04
1.148002161106297293e-04
1.155536100809004133e-04
1.163160542413807714e-04
1.170876826804697300e-04
1.178686276176356141e-04
1.186590191055053351e-04
1.194589852454917931e-04
1.202686520195067805e-04
1.210881434762166016e-04
1.219175813473093813e-04
1.227570855469762180e-04
1.236067736489033044e-04
1.244667612067773229e-04
1.253371616891892689e-04
1.262180863339374391e-04
1.271096443775048110e-04
1.280119428781637339e-04
1.289250869201312791e-04
1.298491793668667062e-04
1.307843210922470022e-04
1.317306107953667186e-04
1.326881451699877938e-04
1.336570186997494019e-04
1.346373238041231684e-04
1.356291508547020333e-04
1.366325880520708532e-04
1.376477215139006735e-04
1.386746353060163523e-04
1.397134115794484153e-04
1.407641303777762117e-04
1.418268696949599630e-04
1.429017056358979315e-04
1.439887123638344021e-04
1.450879620635430226e-04
1.461995249415591483e-04
1.473234694790956671e-04
1.484598622472288400e-04
1.496087680497751413e-04
1.507702499719430962e-04
1.519443694294498345e-04
1.531311862362697679e-04
1.543307585619488180e-04
1.555431430013982236e-04
1.567683947157117764e-04
1.580065671297278145e-04
1.592577123568087913e-04
1.605218808762856001e-04
1.617991217232520702e-04
1.630894827274842029e-04
1.643930102705510481e-04
1.657097494986573601e-04
1.670397442686956217e-04
1.683830370985916450e-04
1.697396696120206125e-04
1.711096820810960762e-04
1.724931136801537135e-04
1.738900026701113146e-04
1.753003860736168748e-04
1.767243001366245760e-04
1.781617799562765160e-04
1.796128598040024917e-04
1.810775729444635753e-04
1.825559518206951398e-04
1.840480280790513965e-04
1.855538325052463570e-04
1.870733951901586221e-04
1.886067456628665387e-04
1.901539126219775350e-04
1.917149244830748114e-04
1.932898090823967547e-04
1.948785939267493343e-04
1.964813062539534085e-04
1.980979731462045401e-04
1.997286214664530698e-04
2.013732780392356217e-04
2.030319696878271336e-04
2.047047232381300806e-04
2.063915656145472470e-04
2.080925239387995446e-04
2.098076255267799562e-04
2.115368980025717600e-04
2.132803693708995260e-04
2.150380681204999873e-04
2.168100233328939998e-04
2.185962647482422828e-04
2.203968228248777135e-04
2.222117288420119888e-04
2.240410150777791861e-04
2.258847147299577617e-04
2.277428621307911168e-04
2.296154927533906789e-04
2.315026432808825485e-04
2.334043517635419230e-04
2.353206575181824147e-04
2.372516013819362020e-04
2.391972256903355544e-04
2.411575742938392992e-04
2.431326928014826752e-04
2.451226284801580682e-04
2.471274304622803303e-04
2.491471498429739307e-04
2.511818398191326455e-04
2.532315557837670197e-04
2.552963555714484953e-04
2.573762993082446084e-04
2.594714497340210166e-04
2.615818720558075452e-04
2.637076341801420634e-04
2.658488066058265712e-04
2.680054623865009205e-04
2.701776774696676301e-04
2.723655303746589035e-04
2.745691024154563306e-04
2.767884777629001309e-04
2.790237433004859823e-04
2.812749889522716683e-04
2.835423075031637372e-04
2.858257947615141094e-04
2.881255496421011712e-04
2.904416740772126741e-04
2.927742731261939019e-04
2.951234549012502406e-04
2.974893306030218574e-04
2.998720146379361723e-04
3.022716244688541834e-04
3.046882808231212206e-04
3.071221075985582690e-04
3.095732317243868022e-04
3.120417836454294613e-04
3.145278967584641907e-04
3.170317078781794752e-04
3.195533573436301449e-04
3.220929886807718059e-04
3.246507487502377047e-04
3.272267881362280069e-04
3.298212605392456670e-04
3.324343235503708985e-04
3.350661375188976028e-04
3.377168668629516499e-04
3.403866789577667754e-04
3.430757450960301535e-04
3.457842396903957000e-04
3.485123406620248341e-04
3.512602295922818128e-04
3.540280911875545158e-04
3.568161138752287253e-04
3.596244890945409747e-04
3.624534121841285652e-04
3.653030815212894838e-04
3.681736985050650004e-04
3.710654683334038088e-04
3.739785994033230539e-04
3.769133030028333151e-04
3.798697938250690108e-04
3.828482900293747886e-04
3.858490123786515011e-04
3.888721854161592190e-04
3.919180364444704314e-04
3.949867958925790037e-04
3.980786975786931663e-04
4.011939783998230659e-04
4.043328781421692548e-04
4.074956401390628113e-04
4.106825101402690535e-04
4.138937377482492398e-04
4.171295748945094630e-04
4.203902770954430859e-04
4.236761025879129373e-04
4.269873126544268538e-04
4.303241720064619118e-04
4.336869476711744113e-04
4.370759108381355859e-04
4.404913352672661466e-04
4.439334975735291251e-04
4.474026780053024649e-04
4.508991597207261679e-04
4.544232288915798124e-04
4.579751747465102361e-04
4.615552894989773569e-04
4.651638684869325354e-04
4.688012099942548676e-04
4.724676149687638614e-04
4.761633880571806152e-04
4.798888364329088668e-04
4.836442701902429883e-04
4.874300025844277486e-04
4.912463495309098366e-04
4.950936300891660077e-04
4.989721662762061074e-04
5.028822825663254413e-04
5.068243065251180164e-04
5.107985687892210424e-04
5.148054026148360168e-04
5.188451440844211353e-04
5.229181321481349200e-04
5.270247083662526599e-04
5.311652170466106115e-04
5.353400050495163952e-04
5.395494218668275572e-04
5.437938198533840643e-04
5.480735535639900523e-04
5.523889802313001118e-04
5.567404589805590841e-04
5.611283530110169416e-04
5.655530257187699932e-04
5.700148443571635953e-04
5.745141783000875125e-04
5.790513987866683157e-04
5.836268795665739383e-04
5.882409966180116067e-04
5.928941282328458427e-04
5.975866545309999230e-04
6.023189583546531382e-04
6.070914239589268084e-04
6.119044377880908554e-04
6.167583888125233215e-04
6.216536669659495978e-04
6.265906642929321884e-04
6.315697754756953875e-04
6.365913958172811230e-04
6.416559234694576772e-04
6.467637578806499079e-04
6.519153000175227424e-04
6.571109529443277522e-04
6.623511216778541410e-04
6.676362122162515051e-04
6.729666325813992572e-04
6.783427925485822820e-04
6.837651032400433827e-04
6.892339774363852268e-04
6.947498299980492788e-04
7.003130764744086622e-04
7.059241345705378990e-04
7.115834227319390876e-04
7.172913621625002937e-04
7.230483739183335857e-04
7.288548813076974183e-04
7.347113088152707524e-04
7.406180816599217337e-04
7.465756268007201326e-04
7.525843722673434058e-04
7.586447471076366569e-04
7.647571812769617811e-04
7.709221063562677083e-04
7.771399545358516608e-04
7.834111596821835164e-04
7.897361554077413385e-04
7.961153784838649258e-04
8.025492631301701625e-04
8.090382488751630876e-04
8.155827717728019420e-04
8.221832716712227209e-04
8.288401879022696574e-04
8.355539599254608978e-04
8.423250296271901291e-04
8.491538367257332482e-04
8.560408245217935837e-04
8.629864347480696238e-04
8.699911102640126275e-04
8.770552947286540911e-04
8.841794309883926721e-04
8.913639643344602095e-04
8.986093380436379783e-04
9.059159981665946019e-04
9.132843881523132349e-04
9.207149545275725372e-04
9.282081423976087063e-04
9.357643967940137237e-04
9.433841646442055152e-04
9.510678904431814221e-04
9.588160209130990822e-04
9.666290024916262538e-04
9.745072801078039212e-04
9.824512999796011260e-04
9.904615068476291771e-04
9.985383481708274417e-04
1.006682269864608370e-03
1.014893717361577694e-03
1.023173137223345802e-03
1.031520975262789760e-03
1.039937677501985396e-03
1.048423691127795768e-03
1.056979461429121900e-03
1.065605433509323558e-03
1.074302054386200907e-03
1.083069767898459101e-03
1.091909020060624885e-03
1.100820254870781782e-03
1.109803916959350599e-03
1.118860449134106809e-03
1.127990295339123105e-03
1.137193897865338820e-03
1.146471698430082684e-03
1.155824138932902683e-03
1.165251660292078136e-03
1.174754702597434952e-03
1.184333706428733306e-03
1.193989110141107941e-03
1.203721352677791746e-03
1.213530873098486729e-03
1.223418107661925804e-03
1.233383492984379886e-03
1.243427465940028388e-03
1.253550461994761001e-03
1.263752915880242671e-03
1.274035260905583781e-03
1.284397930937106322e-03
1.294841357953484913e-03
1.305365973554691679e-03
1.315972209075621287e-03
1.326660493218687585e-03
1.337431257004715506e-03
1.348284929243748296e-03
1.359221936028365144e-03
1.370242705381024889e-03
1.381347663206899121e-03
1.392537233679111116e-03
1.403811843586911948e-03
1.415171914500134263e-03
1.426617871014277013e-03
1.438150132437166938e-03
1.449769123321567425e-03
1.461475263752519231e-03
1.473268962266987680e-03
1.485150648585241906e-03
1.497120736063853753e-03
1.509179637371668714e-03
1.521327768561887362e-03
1.533565543180385408e-03
1.545893371691332667e-03
1.558311663834671635e-03
1.570820830542737781e-03
1.583421278701939135e-03
1.596113413782686199e-03
1.608897642202808485e-03
1.621774364219676860e-03
1.634743985572214686e-03
1.647806903870677013e-03
1.660963518587927918e-03
1.674214226869308103e-03
1.687559425248522961e-03
1.700999507853513714e-03
1.714534865850320024e-03
1.728165892346032175e-03
1.741892976546969901e-03
1.755716505876633816e-03
1.769636868663169819e-03
1.783654449588785223e-03
1.797769634794305505e-03
1.811982804986564345e-03
1.826294343639840983e-03
1.840704632915796460e-03
1.855214050345400153e-03
1.869822976240065500e-03
1.884531785247675097e-03
1.899340856059623375e-03
1.914250558502484647e-03
1.929261271347480116e-03
1.944373361811349869e-03
1.959587204979407627e-03
1.974903165501219575e-03
1.990321614178875917e-03
2.005842917973962771e-03
2.021467442522145545e-03
2.037195551681718429e-03
2.053027610768296853e-03
2.068963980117565719e-03
2.085005022863370069e-03
2.101151099329009314e-03
2.117402567354197043e-03
2.133759789707572168e-03
2.150223120140144946e-03
2.166792920215362961e-03
2.183469541226145446e-03
2.200253341867791992e-03
2.217144676440825548e-03
2.234143897942458736e-03
2.251251359455353190e-03
2.268467417495847929e-03
2.285792418846526938e-03
2.303226719380683293e-03
2.320770668571112746e-03
2.338424617527480511e-03
2.356188915848559263e-03
2.374063911403491347e-03
2.392049958440800508e-03
2.410147398463553022e-03
2.428356586567098716e-03
2.446677868768751350e-03
2.465111594243666725e-03
2.483658113559452773e-03
2.502317772447978407e-03
2.521090918233023608e-03
2.539977903161916035e-03
2.558979071160510498e-03
2.578094776178405361e-03
2.597325358052016576e-03
2.616671171998313696e-03
2.636132561910575593e-03
2.655709874982873937e-03
2.675403464661694347e-03
2.695213675389446315e-03
2.715140853578120080e-03
2.735185347803077791e-03
2.755347512777428162e-03
2.775627690658070794e-03
2.796026234506549663e-03
2.816543488388818448e-03
2.837179806209256042e-03
2.857935534164708375e-03
2.878811020037864380e-03
2.899806615543517631e-03
2.920922662460198518e-03
2.942159520550738979e-03
2.963517529873267373e-03
2.984997045361219205e-03
3.006598408949391794e-03
3.028321973514984822e-03
3.050168084795558399e-03
3.072137088740157108e-03
3.094229336868097643e-03
3.116445178927303768e-03
3.138784956871604886e-03
3.161249020041436483e-03
3.183837717627847463e-03
3.206551389751257936e-03
3.229390384615248456e-03
3.252355055427167806e-03
3.275445738381578195e-03
3.298662781885682883e-03
3.322006528479675130e-03
3.345477325222336821e-03
3.369075517749032037e-03
3.392801445415378168e-03
3.416655450476586801e-03
3.440637878813838837e-03
3.464749069046425736e-03
3.488989360399210541e-03
3.513359101151295859e-03
3.537858627308039777e-03
3.562488274377482046e-03
3.587248384546952353e-03
3.612139291466164026e-03
3.637161346359671713e-03
3.662314868245355234e-03
3.687600197974680565e-03
3.713017671579793826e-03
3.738567623408667502e-03
3.764250386440929838e-03
3.790066291541268912e-03
3.816015670725179249e-03
3.842098851189318202e-03
3.868316162909802517e-03
3.894667937712414322e-03
3.921154496131485333e-03
3.947776169851471492e-03
3.974533282878640363e-03
4.001426148474106909e-03
4.028455100244821355e-03
4.055620451475285340e-03
4.082922528128936530e-03
4.110361640453139183e-03
4.137938111271524839e-03
4.165652252131351110e-03
4.193504384534638314e-03
4.221494811659403865e-03
4.249623841711422031e-03
4.277891798399623136e-03
4.306298977728049635e-03
4.334845683799925034e-03
4.363532232266199157e-03
4.392358913696701485e-03
4.421326038972130806e-03
4.450433902668369905e-03
4.479682800475557822e-03
4.509073033878902882e-03
4.538604887701120846e-03
4.568278657942586966e-03
4.598094640473916576e-03
4.628053113268113666e-03
4.658154368894332903e-03
4.688398691942786793e-03
4.718786355461137942e-03
4.749317652056881008e-03
4.779992847774261651e-03
4.810812220172777827e-03
4.841776052096108569e-03
4.872884606034078026e-03
4.904138150524536138e-03
4.935536957062945304e-03
4.967081281867802463e-03
4.998771397007221312e-03
5.030607552178613037e-03
5.062590011576174540e-03
5.094719022169030657e-03
5.126994837666701797e-03
5.159417710040450390e-03
5.191987889414683734e-03
5.224705608347228990e-03
5.257571115545051771e-03
5.290584652081741120e-03
5.323746445965003501e-03
5.357056747725667638e-03
5.390515752792466621e-03
5.424123724757733307e-03
5.457880877155219142e-03
5.491787419421659440e-03
5.525843590745246024e-03
5.560049587484755355e-03
5.594405633137095914e-03
5.628911933754716240e-03
5.663568700221313125e-03
5.698376127648304909e-03
5.733334432879847072e-03
5.768443793768198574e-03
5.803704413637670798e-03
5.839116486971847493e-03
5.874680185912421922e-03
5.910395707248349007e-03
5.946263234051779069e-03
5.982282929869130704e-03
6.018454976433761441e-03
6.054779538170951096e-03
6.091256799571870273e-03
6.127886898465084373e-03
6.164670007495494375e-03
6.201606293838703501e-03
6.238695878088456812e-03
6.275938942192798610e-03
6.313335620050456939e-03
6.350886043404556022e-03
6.388590369403136966e-03
6.426448707306070020e-03
6.464461209108050659e-03
6.502627991340001815e-03
6.540949175319088135e-03
6.579424888156381289e-03
6.618055226716129669e-03
6.656840318633798839e-03
6.695780260121012538e-03
6.734875159378655649e-03
6.774125116149725886e-03
6.813530205231736053e-03
6.853090538535095907e-03
6.892806190423958305e-03
6.932677240926361263e-03
6.972703769136408443e-03
7.012885851769746701e-03
7.053223543897512923e-03
7.093716918541998449e-03
7.134366028108781420e-03
7.175170921454964226e-03
7.216131665295235330e-03
7.257248289748954861e-03
7.298520828742007492e-03
7.339949331620417017e-03
7.381533821327172958e-03
7.423274321595592709e-03
7.465170847566129399e-03
7.507223428867871272e-03
7.549432054719367076e-03
7.591796744908453978e-03
7.634317495645323234e-03
7.676994296012601936e-03
7.719827149152875233e-03
7.762816027249493100e-03
7.805960907067650834e-03
7.849261767631662834e-03
7.892718579697696052e-03
7.936331299128265154e-03
7.980099882909482550e-03
8.024024285537723067e-03
8.068104463129438866e-03
8.112340341258966400e-03
8.156731864111655891e-03
8.201278963142814848e-03
8.245981554272736533e-03
8.290839564806399067e-03
8.335852906777596952e-03
8.381021484373446517e-03
8.426345202918735650e-03
8.471823952686002857e-03
8.517457636389452399e-03
8.563246123821390693e-03
8.609189300989795318e-03
8.655287034479595618e-03
8.701539196853836505e-03
8.747945645910278414e-03
8.794506235085751758e-03
8.841220809389146312e-03
8.888089222890865546e-03
8.935111294606622873e-03
8.982286863347085579e-03
9.029615742599054681e-03
9.077097769636735536e-03
9.124732732788182546e-03
9.172520445257422925e-03
9.220460706315613403e-03
9.268553297491394921e-03
9.316798009400998476e-03
9.365194619442943416e-03
9.413742894542977135e-03
9.462442602723736967e-03
9.511293510791347244e-03
9.560295342202002750e-03
9.609447860201276656e-03
9.658750794594340647e-03
9.708203886095750912e-03
9.757806844828553414e-03
9.807559392891256403e-03
9.857461238415209104e-03
9.907512077370195583e-03
9.957711614768622460e-03
1.000805952122276778e-02
1.005855550028930505e-02
1.010919920218011220e-02
1.015999031201326834e-02
1.021092847619535504e-02
1.026201334101722699e-02
1.031324455821498558e-02
1.036462176439784978e-02
1.041614458239763057e-02
1.046781264329361798e-02
1.051962555072543173e-02
1.057158290953597035e-02
1.062368433014945594e-02
1.067592939505687677e-02
1.072831768947945727e-02
1.078084879221574179e-02
1.083352226478389094e-02
1.088633767415325172e-02
1.093929457167437669e-02
1.099239249858529471e-02
1.104563099835677124e-02
1.109900959722600472e-02
1.115252782020316989e-02
1.120618517028654400e-02
1.125998116525944379e-02
1.131391529523398561e-02
1.136798705232513682e-02
1.142219592003743643e-02
1.147654136481488125e-02
1.153102286317452159e-02
1.158563985659873639e-02
1.164039180312892267e-02
1.169527814435123401e-02
1.175029830848283233e-02
1.180545171948602264e-02
1.186073779279551814e-02
1.191615593439272584e-02
1.197170554519508788e-02
1.202738601329380111e-02
1.208319672756419036e-02
1.213913705452046923e-02
1.219520635691276160e-02
1.225140399758694980e-02
1.230772932944209502e-02
1.236418168994281482e-02
1.242076041029323633e-02
1.247746481345731948e-02
1.253429421956443746e-02
1.259124792993455456e-02
1.264832524874260136e-02
1.270552546321723590e-02
1.276284786094927445e-02
1.282029172225592449e-02
1.287785629548329237e-02
1.293554085161499959e-02
1.299334464195849199e-02
1.305126690045095399e-02
1.310930686036893868e-02
1.316746374880354079e-02
1.322573678665389316e-02
1.328412517746921026e-02
1.334262812065894685e-02
1.340124480577873159e-02
1.345997443567129200e-02
1.351881616220783865e-02
1.357776916477065714e-02
1.363683260652660129e-02
1.369600562969702263e-02
1.375528738504843730e-02
1.381467700810678004e-02
1.387417361181010785e-02
1.393377632923673351e-02
1.399348426673538252e-02
1.405329651387400222e-02
1.411321219622157543e-02
1.417323036260166938e-02
1.423335010479715237e-02
1.429357048582734907e-02
1.435389056820839636e-02
1.441430940429611757e-02
1.447482603529478586e-02
1.453543949572145243e-02
1.459614880642912463e-02
1.465695298730551946e-02
1.471785104475449059e-02
1.477884199602505673e-02
1.483992480454952335e-02
1.490109847160649321e-02
1.496236195177098882e-02
1.502371423050321252e-02
1.508515426310090037e-02
1.514668097314191171e-02
1.520829332638191748e-02
1.526999024071424779e-02
1.533177063539900922e-02
1.539363342341748021e-02
1.545557751774787568e-02
1.551760180263100052e-02
1.557970516677745047e-02
1.564188648075628268e-02
1.570414461831147815e-02
1.576647844377622454e-02
1.582888679866879464e-02
1.589136851894774882e-02
1.595392244637386728e-02
1.601654739587794057e-02
1.607924218409317527e-02
1.614200561775066753e-02
1.620483647892527815e-02
1.626773356959908268e-02
1.633069565770074380e-02
1.639372150768981379e-02
1.645680988348694959e-02
1.651995952616394994e-02
1.658316918225984787e-02
1.664643758174800744e-02
1.670976344023292898e-02
1.677314546954864621e-02
1.683658237159547585e-02
1.690007283970382940e-02
1.696361555787775574e-02
1.702720919775084843e-02
1.709085242199836693e-02
1.715454388584987042e-02
1.721828223566322646e-02
1.728206609933805038e-02
1.734589411271243720e-02
1.740976487940364831e-02
1.747367701655564223e-02
1.753762911626195395e-02
1.760161976706458090e-02
1.766564754131326465e-02
1.772971101110435224e-02
1.779380873156401546e-02
1.785793925303421140e-02
1.792210110570790008e-02
1.798629282666444271e-02
1.805051293382137906e-02
1.811475992915558345e-02
1.817903231718591417e-02
1.824332858934887142e-02
1.830764722133003744e-02
1.837198668872403601e-02
1.843634544708845635e-02
1.850072195206016804e-02
1.856511464756586266e-02
1.862952197041188931e-02
1.869394232828726354e-02
1.875837415569164141e-02
1.882281584500987079e-02
1.888726579040740997e-02
1.895172238595179554e-02
1.901618399879825838e-02
1.908064899686718122e-02
1.914511574211480438e-02
1.920958257459442348e-02
1.927404783265789998e-02
1.933850984338681897e-02
1.940296692707750570e-02
1.946741739024954870e-02
1.953185953353846205e-02
1.959629163841141580e-02
1.966071198740301437e-02
1.972511885276172564e-02
1.978951048765614437e-02
1.985388514594670778e-02
1.991824106373499270e-02
1.998257647667165543e-02
2.004688959912074436e-02
2.011117863958938184e-02
2.017544180701534920e-02
2.023967728521916878e-02
2.030388326335013857e-02
2.036805790647140679e-02
2.043219937533639549e-02
2.049630582821468719e-02
2.056037539999312769e-02
2.062440622913837979e-02
2.068839643187908583e-02
2.075234412834325512e-02
2.081624741943695692e-02
2.088010439316876840e-02
2.094391313336564989e-02
2.100767171725611421e-02
2.107137820741618664e-02
2.113503065152837548e-02
2.119862709708998302e-02
2.126216557869336013e-02
2.132564411653150097e-02
2.138906072621840973e-02
2.145241340743504407e-02
2.151570015639609618e-02
2.157891895488254358e-02
2.164206777591082612e-02
2.170514458611710884e-02
2.176814733113802136e-02
2.183107395968650333e-02
2.189392240351211577e-02
2.195669058535612908e-02
2.201937641718472796e-02
2.208197780339916580e-02
2.214449263797569831e-02
2.220691880160021239e-02
2.226925416913510397e-02
2.233149660210291543e-02
2.239364395529323468e-02
2.245569406896071388e-02
2.251764478119395660e-02
2.257949390908061890e-02
2.264123926790672162e-02
2.270287865950181005e-02
2.276440987625629256e-02
2.282583070354979315e-02
2.288713891013300847e-02
2.294833225723880155e-02
2.300940849941746080e-02
2.307036537761795320e-02
2.313120062305081340e-02
2.319191195687984874e-02
2.325249709212499211e-02
2.331295372625049114e-02
2.337327955290335532e-02
2.343347225079324067e-02
2.349352949132692617e-02
2.355344893389563210e-02
2.361322822770123980e-02
2.367286501240466537e-02
2.373235691629989666e-02
2.379170156162529678e-02
2.385089655276596138e-02
2.390993948995992838e-02
2.396882796071435340e-02
2.402755954230239438e-02
2.408613180191934711e-02
2.414454229734631571e-02
2.420278857540878251e-02
2.426086817179018765e-02
2.431877861693940157e-02
2.437651742429397528e-02
2.443408210294026675e-02
2.449147014882468651e-02
2.454867904906087028e-02
2.460570627935096052e-02
2.466254930778512613e-02
2.471920559039540374e-02
2.477567257345108728e-02
2.483194769387248035e-02
2.488802837623175709e-02
2.494391203825405828e-02
2.499959608546705250e-02
2.505507791291349332e-02
2.511035490704588424e-02
2.516542444263545480e-02
2.522028388603246921e-02
2.527493059133569669e-02
2.532936190490934006e-02
2.538357515939438855e-02
2.543756768065519661e-02
2.549133678317722779e-02
2.554487977143070701e-02
2.559819393858904502e-02
2.565127656822829491e-02
2.570412493497240339e-02
2.575673630032527736e-02
2.580910791945578014e-02
2.586123703409920482e-02
2.591312087654914012e-02
2.596475666970815555e-02
2.601614162471414110e-02
2.606727294398178407e-02
2.611814781910796676e-02
2.616876343123963888e-02
2.621911695077122628e-02
2.626920553978148026e-02
2.631902634894813311e-02
2.636857651891932192e-02
2.641785318046477316e-02
2.646685345413691062e-02
2.651557445094241197e-02
2.656401327149571917e-02
2.661216700607518457e-02
2.666003273499969323e-02
2.670760752823305231e-02
2.675488844619488757e-02
2.680187253887856419e-02
2.684855684580572319e-02
2.689493839664652136e-02
2.694101421108824335e-02
2.698678129856306451e-02
2.703223665828077826e-02
2.707737727943543282e-02
2.712220014094506026e-02
2.716670221155332438e-02
2.721088045000601141e-02
2.725473180466404452e-02
2.729825321367282398e-02
2.734144160551823383e-02
2.738429389782437787e-02
2.742680699822322779e-02
2.746897780448840851e-02
2.751080320367502510e-02
2.755228007314559219e-02
2.759340527974474613e-02
2.763417568028751770e-02
2.767458812111529484e-02
2.771463943857999102e-02
2.775432645864489567e-02
2.779364599726121682e-02
2.783259485978660172e-02
2.787116984204135450e-02
2.790936772874964139e-02
2.794718529490882938e-02
2.798461930526737959e-02
2.802166651398420652e-02
2.805832366543832210e-02
2.809458749322082949e-02
2.813045472134119429e-02
2.816592206279603175e-02
2.820098622068917260e-02
2.823564388809974082e-02
2.826989174730049070e-02
2.830372647074563472e-02
2.833714472022509645e-02
2.837014314756984221e-02
2.840271839411435961e-02
2.843486709099968257e-02
2.846658585918698803e-02
2.849787130894473886e-02
2.852872004070895057e-02
2.855912864427838718e-02
2.858909369939452785e-02
2.861861177522980609e-02
2.864767943089769828e-02
2.867629321498217296e-02
2.870444966598097863e-02
2.873214531186957243e-02
2.875937667041394627e-02
2.878614024897378429e-02
2.881243254461150413e-02
2.883825004418255622e-02
2.886358922401111721e-02
2.888844655022317770e-02
2.891281847857170642e-02
2.893670145446036734e-02
2.896009191292957252e-02
2.898298627878953537e-02
2.900538096635192978e-02
2.902727237966233609e-02
2.904865691247963261e-02
2.906953094806299931e-02
2.908989085942700892e-02
2.910973300920511458e-02
2.912905374969715702e-02
2.914784942277179672e-02
2.916611636004663027e-02
2.918385088266797420e-02
2.920104930151957989e-02
2.921770791704448450e-02
2.923382301936644501e-02
2.924939088821684047e-02
2.926440779297004649e-02
2.927886999262586942e-02
2.929277373582203983e-02
2.930611526081042598e-02
2.931889079549295646e-02
2.933109655736270555e-02
2.934272875356647853e-02
2.935378358087270545e-02
2.936425722564720356e-02
2.937414586391269566e-02
2.938344566128307800e-02
2.939215277301444190e-02
2.940026334396866198e-02
2.940777350862882125e-02
2.941467939110096672e-02
2.942097710510485631e-02
2.942666275397842410e-02
2.943173243067427267e-02
2.943618221776353461e-02
2.944000818743188266e-02
2.944320640148024096e-02
2.944577291132529848e-02
2.944770375799802067e-02
2.944899497214438847e-02
2.944964257402479801e-02
