2.986266258082953229e+01
2.986435064518434856e+01
2.986603863655713198e+01
2.986772643369195279e+01
2.986941384693720281e+01
2.987110067873069497e+01
2.987278670481113707e+01
2.987447169937895097e+01
2.987615544578231663e+01
2.987783774468896780e+01
2.987951840189772312e+01
2.988119723484506451e+01
2.988287406767424415e+01
2.988454873364445774e+01
2.988622107394679972e+01
2.988789093767720573e+01
2.988955818482924087e+01
2.989122268591038889e+01
2.989288432003252538e+01
2.989454297625909263e+01
2.989619855484538036e+01
2.989785096547423393e+01
2.989950012792001743e+01
2.990114597234789784e+01
2.990278843975739420e+01
2.990442747810046242e+01
2.990606304045934749e+01
2.990769508709795232e+01
2.990932358052603490e+01
2.991094848609639456e+01
2.991256977046288057e+01
2.991418740228082385e+01
2.991580135081515834e+01
2.991741158567892711e+01
2.991901807735040819e+01
2.992062079684995624e+01
2.992221971571540351e+01
2.992381480803010874e+01
2.992540604979355479e+01
2.992699342005133545e+01
2.992857690096596102e+01
2.993015647829928128e+01
2.993173214150485251e+01
2.993330388302647904e+01
2.993487169867898956e+01
2.993643558765026214e+01
2.993799555151805691e+01
2.993955159464916704e+01
2.994110372442807133e+01
2.994265194960538423e+01
2.994419628101428188e+01
2.994573673121811552e+01
2.994727331375692003e+01
2.994880604342186459e+01
2.995033493615573050e+01
2.995186000882573651e+01
2.995338127952274121e+01
2.995489876768821347e+01
2.995641249357311509e+01
2.995792247873799141e+01
2.995942874576221016e+01
2.996093131827514000e+01
2.996243022101291231e+01
2.996392547957539421e+01
2.996541712031160287e+01
2.996690517020003952e+01
2.996838965697786250e+01
2.996987060889217247e+01
2.997134805458913931e+01
2.997282202330061907e+01
2.997429254461973258e+01
2.997575964852267916e+01
2.997722336533923482e+01
2.997868372551403127e+01
2.998014075971734727e+01
2.998159449879861782e+01
2.998304497371651678e+01
2.998449221622298921e+01
2.998593625787401962e+01
2.998737713090861234e+01
2.998881486800771512e+01
2.999024950231246223e+01
2.999168106737258199e+01
2.999310959717211134e+01
2.999453512616314654e+01
2.999595768925646055e+01
2.999737732175309546e+01
2.999879405936973598e+01
3.000020793810785946e+01
3.000161899430674239e+01
3.000302726465474379e+01
3.000443278612514320e+01
3.000583559604054784e+01
3.000723573207299566e+01
3.000863323224406543e+01
3.001002813492496557e+01
3.001142047897123533e+01
3.001281030358824253e+01
3.001419764847625160e+01
3.001558255378272833e+01
3.001696506013884402e+01
3.001834520866932365e+01
3.001972304094534749e+01
3.002109859909275613e+01
3.002247192577896939e+01
3.002384306419807913e+01
3.002521205824116990e+01
3.002657895238532504e+01
3.002794379187394824e+01
3.002930662253953642e+01
3.003066749098135091e+01
3.003202644448494851e+01
3.003338353102130043e+01
3.003473879897857657e+01
3.003609229739359776e+01
3.003744407573120867e+01
3.003879418382690858e+01
3.004014267177254993e+01
3.004148959001425112e+01
3.004283498929428120e+01
3.004417892059406014e+01
3.004552143511265072e+01
3.004686258433709511e+01
3.004820241997284214e+01
3.004954099396302780e+01
3.005087835842273591e+01
3.005221456554630777e+01
3.005354966764007685e+01
3.005488371721781249e+01
3.005621676678303800e+01
3.005754886908451695e+01
3.005888007707100229e+01
3.006021044397385111e+01
3.006154002352232624e+01
3.006286886979949458e+01
3.006419703739867089e+01
3.006552458155985974e+01
3.006685155809287480e+01
3.006817802348900415e+01
3.006950403476888667e+01
3.007082964954106075e+01
3.007215492595020478e+01
3.007347992255050073e+01
3.007480469820041691e+01
3.007612931222314145e+01
3.007745382420127100e+01
3.007877829401575198e+01
3.008010278187322939e+01
3.008142734827881171e+01
3.008275205348799730e+01
3.008407695789144043e+01
3.008540212158154503e+01
3.008672760425433523e+01
3.008805346513436874e+01
3.008937976287788985e+01
3.009070655559647633e+01
3.009203390079872875e+01
3.009336185524260188e+01
3.009469047508367723e+01
3.009601981573885610e+01
3.009734993193632135e+01
3.009868087754429311e+01
3.010001270559808262e+01
3.010134546836588854e+01
3.010267921707655958e+01
3.010401400194733057e+01
3.010534987246867189e+01
3.010668687698525048e+01
3.010802506288306191e+01
3.010936447665758919e+01
3.011070516381349549e+01
3.011204716897724509e+01
3.011339053582194225e+01
3.011473530734664905e+01
3.011608152576929953e+01
3.011742923269665440e+01
3.011877846926572033e+01
3.012012927601803369e+01
3.012148169308781931e+01
3.012283576023505915e+01
3.012419151688017394e+01
3.012554900201342534e+01
3.012690825410048490e+01
3.012826931140428854e+01
3.012963221157091454e+01
3.013099699183200642e+01
3.013236368898635220e+01
3.013373233942071749e+01
3.013510297908352698e+01
3.013647564353564690e+01
3.013785036805353101e+01
3.013922718738365347e+01
3.014060613588943482e+01
3.014198724745651958e+01
3.014337055540616461e+01
3.014475609246573740e+01
3.014614389082397850e+01
3.014753398192669565e+01
3.014892639670533114e+01
3.015032116547386210e+01
3.015171831794721058e+01
3.015311788324255104e+01
3.015451988995677013e+01
3.015592436615307648e+01
3.015733133925097675e+01
3.015874083613218559e+01
3.016015288314214970e+01
3.016156750600374892e+01
3.016298472985428702e+01
3.016440457922855245e+01
3.016582707809899233e+01
3.016725224969832198e+01
3.016868011669206950e+01
3.017011070097437653e+01
3.017154402383338052e+01
3.017298010585975732e+01
3.017441896684328029e+01
3.017586062601762009e+01
3.017730510184620130e+01
3.017875241212731652e+01
3.018020257383285454e+01
3.018165560333273945e+01
3.018311151614561894e+01
3.018457032703497234e+01
3.018603205005613788e+01
3.018749669848915218e+01
3.018896428487257566e+01
3.019043482102513565e+01
3.019190831802922759e+01
3.019338478626591638e+01
3.019486423545295040e+01
3.019634667460404032e+01
3.019783211203104401e+01
3.019932055546139438e+01
3.020081201205780985e+01
3.020230648839442367e+01
3.020380399049540543e+01
3.020530452383797382e+01
3.020680809335332739e+01
3.020831470336280944e+01
3.020982435760286933e+01
3.021133705910918010e+01
3.021285281026304048e+01
3.021437161270995020e+01
3.021589346739127180e+01
3.021741837451963519e+01
3.021894633358417437e+01
3.022047734343690095e+01
3.022201140216625248e+01
3.022354850722833675e+01
3.022508865537044187e+01
3.022663184262914626e+01
3.022817806424358622e+01
3.022972731469750585e+01
3.023127958762930945e+01
3.023283487587124085e+01
3.023439317141988880e+01
3.023595446536661413e+01
3.023751874788425553e+01
3.023908600828590920e+01
3.024065623489916277e+01
3.024222941515852625e+01
3.024380553551705830e+01
3.024538458162345123e+01
3.024696653824870651e+01
3.024855138943078003e+01
3.025013911842841807e+01
3.025172970781391157e+01
3.025332313952955587e+01
3.025491939489631932e+01
3.025651845475746171e+01
3.025812029944187742e+01
3.025972490888703348e+01
3.026133226271709376e+01
3.026294234019999863e+01
3.026455512037365736e+01
3.026617058203249400e+01
3.026778870375365571e+01
3.026940946402164556e+01
3.027103284116036264e+01
3.027265881346602328e+01
3.027428735897494860e+01
3.027591845569578410e+01
3.027755208151069866e+01
3.027918821409827643e+01
3.028082683101266070e+01
3.028246790978987946e+01
3.028411142788477406e+01
3.028575736270919450e+01
3.028740569167488417e+01
3.028905639215883383e+01
3.029070944148596567e+01
3.029236481689440552e+01
3.029402249554204474e+01
3.029568245447498143e+01
3.029734467059592973e+01
3.029900912069026830e+01
3.030067578144578988e+01
3.030234462943626639e+01
3.030401564121332214e+01
3.030568879324163944e+01
3.030736406203403988e+01
3.030904142408728319e+01
3.031072085600863630e+01
3.031240233445498689e+01
3.031408583622120290e+01
3.031577133823297387e+01
3.031745881758694594e+01
3.031914825156790982e+01
3.032083961762263158e+01
3.032253289340016522e+01
3.032422805673339639e+01
3.032592508564857425e+01
3.032762395837344016e+01
3.032932465322074123e+01
3.033102714873635719e+01
3.033273142355742280e+01
3.033443745637404021e+01
3.033614522599922125e+01
3.033785471127186995e+01
3.033956589107862456e+01
3.034127874433078276e+01
3.034299324995633995e+01
3.034470938690962427e+01
3.034642713414294235e+01
3.034814647068111171e+01
3.034986737554653402e+01
3.035158982781666737e+01
3.035331380663071954e+01
3.035503929120342548e+01
3.035676626080303464e+01
3.035849469478207396e+01
3.036022457256912688e+01
3.036195587366238868e+01
3.036368857762602858e+01
3.036542266409387736e+01
3.036715811268692988e+01
3.036889490308571737e+01
3.037063301495207313e+01
3.037237242793499092e+01
3.037411312164105937e+01
3.037585507564258336e+01
3.037759826954417974e+01
3.037934268291469309e+01
3.038108829534992594e+01
3.038283508651742082e+01
3.038458303622044099e+01
3.038633212435424014e+01
3.038808233098260558e+01
3.038983363634795154e+01
3.039158602089577954e+01
3.039333946524129004e+01
3.039509395020201055e+01
3.039684945677771211e+01
3.039860596614340338e+01
3.040036345965902598e+01
3.040212191885549586e+01
3.040388132545971089e+01
3.040564166143595415e+01
3.040740290900374987e+01
3.040916505064920372e+01
3.041092806917679425e+01
3.041269194770936579e+01
3.041445666962106742e+01
3.041622221861523911e+01
3.041798857858999838e+01
3.041975573371851738e+01
3.042152366830669408e+01
3.042329236691496774e+01
3.042506181424467826e+01
3.042683199517892234e+01
3.042860289477907898e+01
3.043037449830515229e+01
3.043214679119547483e+01
3.043391975902564184e+01
3.043569338756996601e+01
3.043746766272825255e+01
3.043924257053640048e+01
3.044101809715458273e+01
3.044279422887166220e+01
3.044457095211615183e+01
3.044634825347650064e+01
3.044812611968519533e+01
3.044990453765003480e+01
3.045168349450307588e+01
3.045346297755171250e+01
3.045524297430558391e+01
3.045702347252179720e+01
3.045880446017248033e+01
3.046058592545522359e+01
3.046236785680592973e+01
3.046415024288480566e+01
3.046593307261454697e+01
3.046771633510639532e+01
3.046950001970044397e+01
3.047128411598430375e+01
3.047306861373866127e+01
3.047485350297212747e+01
3.047663877392131226e+01
3.047842441705078542e+01
3.048021042305421702e+01
3.048199678285326542e+01
3.048378348760838108e+01
3.048557052870913964e+01
3.048735789779387062e+01
3.048914558674136899e+01
3.049093358767922979e+01
3.049272189299601621e+01
3.049451049532945035e+01
3.049629938757531278e+01
3.049808856288906256e+01
3.049987801465333348e+01
3.050166773649645435e+01
3.050345772227395003e+01
3.050524796602267585e+01
3.050703846202107883e+01
3.050882920473588200e+01
3.051062018884477922e+01
3.051241140922097728e+01
3.051420286094698753e+01
3.051599453931320483e+01
3.051778643980110317e+01
3.051957855809950360e+01
3.052137089009348614e+01
3.052316343186648595e+01
3.052495617970628672e+01
3.052674913007281887e+01
3.052854227959410593e+01
3.053033562504590037e+01
3.053212916333583493e+01
3.053392289146389871e+01
3.053571680653749354e+01
3.053751090574338534e+01
3.053930518634926017e+01
3.054109964571405911e+01
3.054289428127764694e+01
3.054468909057272441e+01
3.054648407125565157e+01
3.054827922107564220e+01
3.055007453788282845e+01
3.055187001964737803e+01
3.055366566442385690e+01
3.055546147032407589e+01
3.055725743554065232e+01
3.055905355830687142e+01
3.056084983691032164e+01
3.056264626967928422e+01
3.056444285497823188e+01
3.056623959123587397e+01
3.056803647692418124e+01
3.056983351056122089e+01
3.057163069071827621e+01
3.057342801600310267e+01
3.057522548507667537e+01
3.057702309663642026e+01
3.057882084941624257e+01
3.058061874219086107e+01
3.058241677376560830e+01
3.058421494296924337e+01
3.058601324867426996e+01
3.058781168977073506e+01
3.058961026521667748e+01
3.059140897399645453e+01
3.059320781516849763e+01
3.059500678786450933e+01
3.059680589128612027e+01
3.059860512470526217e+01
3.060040448746913810e+01
3.060220397899114531e+01
3.060400359875090714e+01
3.060580334629426957e+01
3.060760322123329757e+01
3.060940322325188490e+01
3.061120335210017984e+01
3.061300360761752515e+01
3.061480398971063366e+01
3.061660449837543752e+01
3.061840513367923222e+01
3.062020589577888785e+01
3.062200678493404027e+01
3.062380780148048842e+01
3.062560894586304627e+01
3.062741021863413948e+01
3.062921162045628876e+01
3.063101315211845588e+01
3.063281481451294397e+01
3.063461660865954528e+01
3.063641853569217233e+01
3.063822059685458044e+01
3.064002279350465940e+01
3.064182512710349826e+01
3.064362759919422885e+01
3.064543021142318935e+01
3.064723296548434561e+01
3.064903586315367789e+01
3.065083890625098917e+01
3.065264209664854533e+01
3.065444543626670182e+01
3.065624892706458837e+01
3.065805257105429504e+01
3.065985637029088906e+01
3.066166032688637699e+01
3.066346444298813978e+01
3.066526872080045862e+01
3.066707316257692995e+01
3.066887777062043696e+01
3.067068254728316035e+01
3.067248749496659954e+01
3.067429261612155855e+01
3.067609791324816371e+01
3.067790338890332080e+01
3.067970904569055079e+01
3.068151488627014345e+01
3.068332091335647505e+01
3.068512712971805101e+01
3.068693353818873248e+01
3.068874014165648134e+01
3.069054694307462583e+01
3.069235394546189966e+01
3.069416115191624783e+01
3.069596856560104214e+01
3.069777618974696054e+01
3.069958402766392425e+01
3.070139208273791809e+01
3.070320035842225792e+01
3.070500885823285131e+01
3.070681758574552589e+01
3.070862654459712715e+01
3.071043573846905872e+01
3.071224517108757013e+01
3.071405484621601545e+01
3.071586476765977380e+01
3.071767493928945569e+01
3.071948536501146521e+01
3.072129604879647147e+01
3.072310699467909956e+01
3.072491820675795893e+01
3.072672968919563274e+01
3.072854144621870986e+01
3.073035348211778839e+01
3.073216580124747210e+01
3.073397840802230974e+01
3.073579130692084149e+01
3.073760450245435294e+01
3.073941799920568485e+01
3.074123180179040205e+01
3.074304591486838945e+01
3.074486034314385918e+01
3.074667509135721843e+01
3.074849016428673920e+01
3.075030556673843662e+01
3.075212130355623330e+01
3.075393737960201079e+01
3.075575379977241752e+01
3.075757056897336383e+01
3.075938769214224067e+01
3.076120517423107259e+01
3.076302302021668922e+01
3.076484123509055735e+01
3.076665982385756948e+01
3.076847879154746224e+01
3.077029814318533951e+01
3.077211788379872814e+01
3.077393801841056131e+01
3.077575855202809763e+01
3.077757948964294954e+01
3.077940083623290590e+01
3.078122259674278993e+01
3.078304477609698253e+01
3.078486737918878191e+01
3.078669041087437108e+01
3.078851387601067913e+01
3.079033777941565830e+01
3.079216212590857893e+01
3.079398692031189100e+01
3.079581216744750449e+01
3.079763787214051618e+01
3.079946403921919895e+01
3.080129067350567240e+01
3.080311777982523935e+01
3.080494536299702801e+01
3.080677342783402395e+01
3.080860197914302034e+01
3.081043102170250592e+01
3.081226056028479832e+01
3.081409059963389296e+01
3.081592114446539554e+01
3.081775219945067334e+01
3.081958376923275011e+01
3.082141585841543829e+01
3.082324847155832259e+01
3.082508161318173734e+01
3.082691528776679135e+01
3.082874949975535728e+01
3.083058425355006094e+01
3.083241955351428487e+01
3.083425540397213638e+01
3.083609180920848303e+01
3.083792877346893846e+01
3.083976630095982330e+01
3.084160439584823621e+01
3.084344306226199706e+01
3.084528230428966822e+01
3.084712212598052261e+01
3.084896253134457211e+01
3.085080352435255691e+01
3.085264510893592060e+01
3.085448728898684578e+01
3.085633006835820780e+01
3.085817345086359254e+01
3.086001744027728222e+01
3.086186204031445612e+01
3.086370725465099341e+01
3.086555308690366317e+01
3.086739954063010316e+01
3.086924661932878422e+01
3.087109432643903517e+01
3.087294266534104636e+01
3.087479163935585902e+01
3.087664125174818253e+01
3.087849150572354162e+01
3.088034240443113276e+01
3.088219395096378506e+01
3.088404614835800288e+01
3.088589899959394103e+01
3.088775250759540114e+01
3.088960667522982817e+01
3.089146150530829260e+01
3.089331700058550112e+01
3.089517316375979661e+01
3.089702999747314394e+01
3.089888750431111930e+01
3.090074568680293510e+01
3.090260454742142215e+01
3.090446408858298710e+01
3.090632431264763369e+01
3.090818522191897699e+01
3.091004681864422921e+01
3.091190910501417477e+01
3.091377208316320946e+01
3.091563575516929774e+01
3.091750012305398343e+01
3.091936518878237550e+01
3.092123095426319423e+01
3.092309742134871797e+01
3.092496459183482216e+01
3.092683246746093673e+01
3.092870104991004254e+01
3.093057034080868917e+01
3.093244034172699841e+01
3.093431105417863236e+01
3.093618247962077206e+01
3.093805461945415303e+01
3.093992747502304752e+01
3.094180104761528582e+01
3.094367533846221718e+01
3.094555034873870980e+01
3.094742607956314728e+01
3.094930253199746772e+01
3.095117970704711041e+01
3.095305760566101227e+01
3.095493622873160788e+01
3.095681557707893461e+01
3.095869565146652036e+01
3.096057645258548874e+01
3.096245798105456970e+01
3.096434023742001784e+01
3.096622322215572609e+01
3.096810693566314043e+01
3.096999137827126702e+01
3.097187655023666863e+01
3.097376245174347886e+01
3.097564908290337016e+01
3.097753644375555027e+01
3.097942453426676934e+01
3.098131335433132705e+01
3.098320290377106190e+01
3.098509318233535126e+01
3.098698418970111490e+01
3.098887592547277947e+01
3.099076838918232824e+01
3.099266158028924778e+01
3.099455549819889555e+01
3.099645014224412876e+01
3.099834551170367902e+01
3.100024160580214883e+01
3.100213842370999373e+01
3.100403596454352595e+01
3.100593422736493920e+01
3.100783321118224478e+01
3.100973291494933903e+01
3.101163333756598206e+01
3.101353447787776574e+01
3.101543633467613503e+01
3.101733890669838445e+01
3.101924219262767579e+01
3.102114619109302396e+01
3.102305090066928983e+01
3.102495631987716251e+01
3.102686244718318065e+01
3.102876928099970399e+01
3.103067681968777336e+01
3.103258506155424001e+01
3.103449400485463983e+01
3.103640364779321459e+01
3.103831398853818158e+01
3.104022502520646043e+01
3.104213675587895693e+01
3.104404917861446833e+01
3.104596229143576025e+01
3.104787609234351464e+01
3.104979057931635467e+01
3.105170575031076652e+01
3.105362160326116694e+01
3.105553813607989255e+01
3.105745534665715368e+01
3.105937323286108409e+01
3.106129179253771611e+01
3.106321102351508401e+01
3.106513092359914197e+01
3.106705149057786031e+01
3.106897272222123974e+01
3.107089461628131488e+01
3.107281717049212588e+01
3.107474038256975746e+01
3.107666425021229628e+01
3.107858877109982743e+01
3.108051394289442015e+01
3.108243976324017765e+01
3.108436622976322639e+01
3.108629334007172318e+01
3.108822109175585879e+01
3.109014948238786502e+01
3.109207850952202534e+01
3.109400817069462875e+01
3.109593846342396972e+01
3.109786938521037314e+01
3.109980093353615516e+01
3.110173310586566586e+01
3.110366589964525730e+01
3.110559931230331543e+01
3.110753334125022818e+01
3.110946798387840673e+01
3.111140323756229265e+01
3.111333909965835076e+01
3.111527556750507628e+01
3.111721263842295215e+01
3.111915030971448459e+01
3.112108857866419953e+01
3.112302744253863906e+01
3.112496689858636501e+01
3.112690694403798375e+01
3.112884757610610365e+01
3.113078879199488114e+01
3.113273058889050660e+01
3.113467296397070783e+01
3.113661591440476784e+01
3.113855943735351417e+01
3.114050352996931892e+01
3.114244818939608450e+01
3.114439341276928630e+01
3.114633919721596556e+01
3.114828553985473647e+01
3.115023243779572582e+01
3.115217988814060845e+01
3.115412788798261090e+01
3.115607643440647223e+01
3.115802552448849028e+01
3.115997515529649675e+01
3.116192532388985015e+01
3.116387602731947482e+01
3.116582726262786451e+01
3.116777902684899360e+01
3.116973131700842359e+01
3.117168413012323214e+01
3.117363746320202722e+01
3.117559131324493293e+01
3.117754567724360371e+01
3.117950055218121364e+01
3.118145593503246005e+01
3.118341182276360257e+01
3.118536821233246670e+01
3.118732510068837982e+01
3.118928248477223164e+01
3.119124036151644219e+01
3.119319872784491565e+01
3.119515758067313271e+01
3.119711691690809019e+01
3.119907673344832943e+01
3.120103702718392924e+01
3.120299779499650938e+01
3.120495903375925550e+01
3.120692074033684804e+01
3.120888291158552619e+01
3.121084554435304526e+01
3.121280863547868378e+01
3.121477218179325064e+01
3.121673618011908502e+01
3.121870062727004225e+01
3.122066552005152928e+01
3.122263085526050119e+01
3.122459662968543270e+01
3.122656284010635375e+01
3.122852948329482814e+01
3.123049655601392516e+01
3.123246405501664213e+01
3.123443197706123797e+01
3.123640031889587121e+01
3.123836907727236323e+01
3.124033824894620537e+01
3.124230783067655892e+01
3.124427781922629066e+01
3.124624821136195152e+01
3.124821900385375528e+01
3.125019019347558569e+01
3.125216177700499642e+01
3.125413375122320048e+01
3.125610611291505947e+01
3.125807885886913340e+01
3.126005198587764866e+01
3.126202549073649095e+01
3.126399937024522302e+01
3.126597362120710599e+01
3.126794824042904608e+01
3.126992322472164076e+01
3.127189857089913261e+01
3.127387427577943413e+01
3.127585033618413490e+01
3.127782674893852288e+01
3.127980351087153821e+01
3.128178061881581584e+01
3.128375806960768202e+01
3.128573586008715068e+01
3.128771398709787377e+01
3.128969244749358225e+01
3.129167123813170193e+01
3.129365035588024213e+01
3.129562979762241071e+01
3.129760956025203811e+01
3.129958964067869331e+01
3.130157003582948860e+01
3.130355074264730675e+01
3.130553175809262356e+01
3.130751307914348303e+01
3.130949470279551505e+01
3.131147662606194970e+01
3.131345884597358165e+01
3.131544135958461794e+01
3.131742416396684092e+01
3.131940725621544175e+01
3.132139063344907726e+01
3.132337429280983443e+01
3.132535823146245946e+01
3.132734244659513578e+01
3.132932693541873093e+01
3.133131169516680359e+01
3.133329672308890679e+01
3.133528201645729538e+01
3.133726757256053475e+01
3.133925338870315969e+01
3.134123946220600843e+01
3.134322579040617640e+01
3.134521237065702692e+01
3.134719920032823381e+01
3.134918627680574232e+01
3.135117359749174426e+01
3.135316115980476681e+01
3.135514896117956241e+01
3.135713699906719398e+01
3.135912527093500302e+01
3.136111377426658464e+01
3.136310250656183740e+01
3.136509146533689574e+01
3.136708064812251706e+01
3.136907005246571600e+01
3.137105967592810174e+01
3.137304951608585668e+01
3.137503957052972581e+01
3.137702983686502378e+01
3.137902031271164915e+01
3.138101099570409147e+01
3.138300188349140285e+01
3.138499297373721220e+01
3.138698426411974296e+01
3.138897575232948611e+01
3.139096743607148809e+01
3.139295931306305931e+01
3.139495138103379190e+01
3.139694363772553842e+01
3.139893608089239052e+01
3.140092870830071803e+01
3.140292151772911922e+01
3.140491450696848830e+01
3.140690767382196569e+01
3.140890101610495222e+01
3.141089453164511980e+01
3.141288821828241495e+01
3.141488207386900910e+01
3.141687609626935185e+01
3.141887028336015319e+01
3.142086463303039423e+01
3.142285914318133422e+01
3.142485381172651060e+01
3.142684863659172478e+01
3.142884361571503149e+01
3.143083874704677427e+01
3.143283402854955710e+01
3.143482945819824437e+01
3.143682503397997863e+01
3.143882075389420194e+01
3.144081661595258836e+01
3.144281261817912210e+01
3.144480875861003000e+01
3.144680503529378512e+01
3.144880144629113872e+01
3.145079798967511309e+01
3.145279466353099096e+01
3.145479146595630127e+01
3.145678839506086177e+01
3.145878544896674356e+01
3.146078262580827101e+01
3.146277992373203602e+01
3.146477734089689449e+01
3.146677487547398755e+01
3.146877252564669547e+01
3.147077028961067668e+01
3.147276816557385004e+01
3.147476615175641967e+01
3.147676424639086434e+01
3.147876244772190191e+01
3.148076075400651419e+01
3.148275916351397896e+01
3.148475767452580953e+01
3.148675628533581516e+01
3.148875499425003710e+01
3.149075379958526355e+01
3.149275269967053248e+01
3.149475169285086906e+01
3.149675077748201346e+01
3.149874995193566463e+01
3.150074921459950517e+01
3.150274856387715161e+01
3.150474799818814375e+01
3.150674751596800149e+01
3.150874711566819997e+01
3.151074679575616244e+01
3.151274655471527097e+01
3.151474639104489484e+01
3.151674630326035143e+01
3.151874628989293825e+01
3.152074634948989740e+01
3.152274648061443685e+01
3.152474668184570206e+01
3.152674695177882924e+01
3.152874728902489210e+01
3.153074769221093376e+01
3.153274815997997749e+01
3.153474869099099109e+01
3.153674928391891541e+01
3.153874993745465005e+01
3.154075065030501435e+01
3.154275142119280062e+01
3.154475224885671381e+01
3.154675313204840137e+01
3.154875406953546957e+01
3.155075506009847786e+01
3.155275610253095309e+01
3.155475719563935399e+01
3.155675833824308540e+01
3.155875952917451244e+01
3.156076076727893565e+01
3.156276205141457325e+01
3.156476338045262153e+01
3.156676475327722642e+01
3.156876616878544795e+01
3.157076762588730290e+01
3.157276912350576836e+01
3.157477066057674975e+01
3.157677223604911987e+01
3.157877384888470829e+01
3.158077549805825868e+01
3.158277718255746080e+01
3.158477890138296118e+01
3.158678065354835951e+01
3.158878243808019448e+01
3.159078425401794377e+01
3.159278610041402757e+01
3.159478797633381930e+01
3.159678988085567397e+01
3.159879181307091400e+01
3.160079377208377593e+01
3.160279575701144950e+01
3.160479776698407761e+01
3.160679980114474219e+01
3.160880185864708380e+01
3.161080393865771754e+01
3.161280604035381359e+01
3.161480816292308660e+01
3.161681030556381344e+01
3.161881246748483321e+01
3.162081464790555785e+01
3.162281684605596865e+01
3.162481906117659847e+01
3.162682129251850682e+01
3.162882353934332258e+01
3.163082580092322615e+01
3.163282807654093887e+01
3.163483036548977267e+01
3.163683266707358399e+01
3.163883498060677368e+01
3.164083730541428352e+01
3.164283964083163880e+01
3.164484198620491640e+01
3.164684434089077314e+01
3.164884670425640678e+01
3.165084907567958794e+01
3.165285145454866367e+01
3.165485384026255034e+01
3.165685623223071232e+01
3.165885862987315491e+01
3.166086103262042784e+01
3.166286343991368213e+01
3.166486585120458130e+01
3.166686826595542925e+01
3.166887068363908142e+01
3.167087310373896614e+01
3.167287552574908460e+01
3.167487794917400734e+01
3.167688037352886354e+01
3.167888279833934462e+01
3.168088522314171129e+01
3.168288764748280073e+01
3.168489007091669052e+01
3.168689249300803468e+01
3.168889491332873831e+01
3.169089733145796117e+01
3.169289974698211054e+01
3.169490215949483769e+01
3.169690456859703431e+01
3.169890697389685386e+01
3.170090937500969019e+01
3.170291177155819895e+01
3.170491416317229749e+01
3.170691654948915428e+01
3.170891893015318530e+01
3.171092130481604698e+01
3.171292367313664329e+01
3.171492603478112926e+01
3.171692838942287196e+01
3.171893073674250374e+01
3.172093307642791871e+01
3.172293540817426205e+01
3.172493773168395848e+01
3.172694004666668377e+01
3.172894235283937192e+01
3.173094464992619379e+01
3.173294693765858554e+01
3.173494921577523087e+01
3.173695148402205746e+01
3.173895374215227960e+01
3.174095598992636624e+01
3.174295822711201964e+01
3.174496045348419671e+01
3.174696266882508766e+01
3.174896487292410185e+01
3.175096706557791748e+01
3.175296924659049580e+01
3.175497141577304916e+01
3.175697357294405521e+01
3.175897571792923557e+01
3.176097785055577205e+01
3.176297997065807976e+01
3.176498207807205887e+01
3.176698417263508745e+01
3.176898625418602151e+01
3.177098832256518079e+01
3.177299037761435230e+01
3.177499241917677963e+01
3.177699444709718080e+01
3.177899646122175170e+01
3.178099846139812357e+01
3.178300044747537711e+01
3.178500241930406034e+01
3.178700437673615653e+01
3.178900631962511270e+01
3.179100824782585022e+01
3.179301016119475065e+01
3.179501205958967347e+01
3.179701394286993832e+01
3.179901581089633567e+01
3.180101766353111259e+01
3.180301950063795857e+01
3.180502132208204102e+01
3.180702312772996265e+01
3.180902491744982896e+01
3.181102669111119496e+01
3.181302844858506518e+01
3.181503018974390784e+01
3.181703191446167267e+01
3.181903362261376245e+01
3.182103531407704011e+01
3.182303698872984299e+01
3.182503864645197922e+01
3.182704028712473487e+01
3.182904191063085975e+01
3.183104351685459577e+01
3.183304510568163437e+01
3.183504667699912360e+01
3.183704823069568235e+01
3.183904976666136477e+01
3.184105128478771007e+01
3.184305278496768921e+01
3.184505426709573683e+01
3.184705573106776200e+01
3.184905717678111614e+01
3.185105860413461087e+01
3.185306001302854995e+01
3.185506140336469016e+01
3.185706277504622363e+01
3.185906412797783815e+01
3.186106546206569945e+01
3.186306677721743341e+01
3.186506807334214741e+01
3.186706935035039834e+01
3.186907060815421033e+01
3.187107184666706772e+01
3.187307306580393984e+01
3.187507426548124201e+01
3.187707544561684969e+01
3.187907660613012695e+01
3.188107774694189445e+01
3.188307886797443302e+01
3.188507996915150855e+01
3.188708105039836838e+01
3.188908211164169160e+01
3.189108315280964234e+01
3.189308417383184491e+01
3.189508517463939441e+01
3.189708615516485324e+01
3.189908711534228303e+01
3.190108805510719492e+01
3.190308897439655667e+01
3.190508987314883527e+01
3.190709075130391525e+01
3.190909160880317330e+01
3.191109244558944624e+01
3.191309326160704885e+01
3.191509405680176670e+01
3.191709483112084911e+01
3.191909558451300200e+01
3.192109631692839500e+01
3.192309702831866147e+01
3.192509771863687362e+01
3.192709838783758514e+01
3.192909903587680631e+01
3.193109966271202538e+01
3.193310026830219428e+01
3.193510085260771092e+01
3.193710141559045823e+01
3.193910195721377221e+01
3.194110247744243836e+01
3.194310297624270589e+01
3.194510345358228065e+01
3.194710390943032152e+01
3.194910434375744401e+01
3.195110475653575932e+01
3.195310514773884591e+01
3.195510551734176019e+01
3.195710586532100805e+01
3.195910619165455557e+01
3.196110649632182898e+01
3.196310677930370758e+01
3.196510704058253793e+01
3.196710728014213743e+01
3.196910749796780138e+01
3.197110769404631014e+01
3.197310786836589003e+01
3.197510802091624527e+01
3.197710815168856868e+01
3.197910826067553458e+01
3.198110834787127033e+01
3.198310841327138121e+01
3.198510845687292203e+01
3.198710847867441842e+01
